>CACTTCCTGTKT	1-CACTTCCTGTKT	7.033848	-181.344039	0	T:377.0(37.03%),B:6492.0(13.45%),P:1e-78	Tpos:101.6,Tstd:53.2,Bpos:100.7,Bstd:58.1,StrandBias:-0.3,Multiplicity:1.28
0.034	0.498	0.173	0.294
0.571	0.090	0.245	0.094
0.001	0.641	0.170	0.188
0.206	0.001	0.017	0.776
0.001	0.032	0.034	0.933
0.033	0.902	0.064	0.001
0.001	0.948	0.034	0.017
0.001	0.040	0.115	0.844
0.034	0.258	0.570	0.138
0.181	0.216	0.041	0.562
0.146	0.144	0.292	0.418
0.174	0.182	0.181	0.463
>KKRTGASTCAYM	2-KKRTGASTCAYM	7.866660	-144.545875	0	T:133.0(13.06%),B:984.4(2.04%),P:1e-62	Tpos:104.9,Tstd:50.8,Bpos:96.6,Bstd:62.3,StrandBias:-0.2,Multiplicity:1.14
0.164	0.182	0.374	0.280
0.211	0.140	0.391	0.258
0.444	0.064	0.329	0.163
0.022	0.001	0.001	0.976
0.001	0.023	0.813	0.163
0.906	0.092	0.001	0.001
0.070	0.507	0.399	0.024
0.093	0.001	0.071	0.835
0.163	0.813	0.023	0.001
0.997	0.001	0.001	0.001
0.001	0.491	0.134	0.374
0.373	0.351	0.134	0.141
>TCCCCAGGGRMH	3-TCCCCAGGGRMH	10.392982	-54.799254	0	T:51.0(5.01%),B:382.3(0.79%),P:1e-23	Tpos:104.5,Tstd:49.9,Bpos:97.1,Bstd:54.1,StrandBias:-0.2,Multiplicity:1.00
0.001	0.384	0.001	0.614
0.001	0.997	0.001	0.001
0.001	0.937	0.001	0.061
0.001	0.997	0.001	0.001
0.271	0.486	0.001	0.242
0.641	0.001	0.001	0.357
0.001	0.001	0.997	0.001
0.288	0.001	0.710	0.001
0.001	0.001	0.997	0.001
0.516	0.001	0.482	0.001
0.376	0.450	0.174	0.001
0.346	0.268	0.126	0.260
>ACCCGATTGGCG	4-ACCCGATTGGCG	13.594194	-47.587206	0	T:9.0(0.88%),B:0.7(0.00%),P:1e-20	Tpos:117.1,Tstd:28.9,Bpos:131.0,Bstd:0.0,StrandBias:-1.8,Multiplicity:1.00
0.874	0.001	0.001	0.124
0.001	0.997	0.001	0.001
0.001	0.997	0.001	0.001
0.001	0.997	0.001	0.001
0.001	0.001	0.997	0.001
0.997	0.001	0.001	0.001
0.001	0.001	0.001	0.997
0.001	0.001	0.001	0.997
0.001	0.001	0.997	0.001
0.001	0.001	0.997	0.001
0.001	0.601	0.001	0.397
0.001	0.001	0.997	0.001
>CTTGGTGGCGCG	5-CTTGGTGGCGCG	14.212889	-46.845362	0	T:10.0(0.98%),B:2.9(0.01%),P:1e-20	Tpos:80.2,Tstd:67.2,Bpos:147.2,Bstd:33.6,StrandBias:-2.0,Multiplicity:1.00
0.001	0.997	0.001	0.001
0.001	0.001	0.001	0.997
0.001	0.001	0.001	0.997
0.001	0.001	0.997	0.001
0.001	0.001	0.997	0.001
0.001	0.001	0.001	0.997
0.001	0.001	0.997	0.001
0.001	0.001	0.997	0.001
0.001	0.896	0.001	0.102
0.001	0.001	0.997	0.001
0.001	0.896	0.102	0.001
0.001	0.001	0.997	0.001
>YTGTGGTCASGG	6-YTGTGGTCASGG	9.481620	-45.149198	0	T:66.0(6.48%),B:795.2(1.65%),P:1e-19	Tpos:97.5,Tstd:48.2,Bpos:100.6,Bstd:59.0,StrandBias:0.5,Multiplicity:1.03
0.076	0.398	0.241	0.284
0.001	0.030	0.001	0.968
0.001	0.117	0.881	0.001
0.116	0.001	0.001	0.882
0.001	0.001	0.997	0.001
0.001	0.001	0.997	0.001
0.001	0.001	0.262	0.736
0.001	0.680	0.318	0.001
0.888	0.001	0.110	0.001
0.001	0.360	0.475	0.164
0.297	0.001	0.651	0.051
0.088	0.221	0.545	0.146
>GTAGCGGCGGGC	7-GTAGCGGCGGGC	12.355432	-41.522866	0	T:8.0(0.79%),B:1.0(0.00%),P:1e-18	Tpos:122.6,Tstd:38.9,Bpos:10.0,Bstd:0.0,StrandBias:-1.6,Multiplicity:1.00
0.100	0.100	0.700	0.100
0.100	0.100	0.100	0.700
0.700	0.100	0.100	0.100
0.100	0.100	0.700	0.100
0.100	0.700	0.100	0.100
0.100	0.100	0.700	0.100
0.100	0.100	0.700	0.100
0.100	0.700	0.100	0.100
0.100	0.100	0.700	0.100
0.100	0.100	0.700	0.100
0.100	0.100	0.700	0.100
0.100	0.700	0.100	0.100
>GCGGGAGGCGTC	8-GCGGGAGGCGTC	14.269437	-41.367689	0	T:9.0(0.88%),B:2.1(0.00%),P:1e-17	Tpos:87.0,Tstd:61.3,Bpos:146.9,Bstd:44.9,StrandBias:-1.0,Multiplicity:1.00
0.001	0.001	0.997	0.001
0.001	0.997	0.001	0.001
0.001	0.097	0.901	0.001
0.001	0.001	0.997	0.001
0.001	0.001	0.997	0.001
0.997	0.001	0.001	0.001
0.001	0.001	0.997	0.001
0.001	0.001	0.997	0.001
0.001	0.997	0.001	0.001
0.001	0.001	0.997	0.001
0.001	0.001	0.001	0.997
0.001	0.997	0.001	0.001
>AAAAGCAGAAGT	9-AAAAGCAGAAGT	10.754935	-39.438434	0	T:25.0(2.46%),B:110.8(0.23%),P:1e-17	Tpos:112.8,Tstd:48.3,Bpos:104.7,Bstd:58.4,StrandBias:-0.3,Multiplicity:1.00
0.667	0.168	0.164	0.001
0.844	0.154	0.001	0.001
0.698	0.001	0.001	0.300
0.838	0.001	0.063	0.098
0.001	0.001	0.821	0.177
0.097	0.901	0.001	0.001
0.997	0.001	0.001	0.001
0.098	0.178	0.723	0.001
0.728	0.173	0.001	0.098
0.821	0.001	0.001	0.177
0.001	0.112	0.886	0.001
0.001	0.109	0.004	0.886
>GTTGCCATGGCA	10-GTTGCCATGGCA	8.586015	-37.583473	0	T:58.0(5.70%),B:735.2(1.52%),P:1e-16	Tpos:107.5,Tstd:47.1,Bpos:100.3,Bstd:59.7,StrandBias:-0.3,Multiplicity:1.20
0.001	0.001	0.997	0.001
0.001	0.014	0.047	0.938
0.314	0.001	0.001	0.684
0.206	0.001	0.764	0.029
0.112	0.811	0.076	0.001
0.001	0.774	0.001	0.224
0.782	0.001	0.116	0.101
0.170	0.083	0.188	0.559
0.171	0.001	0.827	0.001
0.159	0.117	0.664	0.060
0.159	0.629	0.001	0.211
0.701	0.054	0.079	0.166
>GCCCTCCCCTTT	11-GCCCTCCCCTTT	14.113601	-35.935130	0	T:10.0(0.98%),B:6.4(0.01%),P:1e-15	Tpos:90.8,Tstd:46.9,Bpos:48.2,Bstd:41.0,StrandBias:-1.2,Multiplicity:1.00
0.103	0.001	0.895	0.001
0.001	0.997	0.001	0.001
0.001	0.895	0.001	0.103
0.001	0.997	0.001	0.001
0.001	0.001	0.001	0.997
0.001	0.997	0.001	0.001
0.001	0.997	0.001	0.001
0.001	0.997	0.001	0.001
0.001	0.997	0.001	0.001
0.103	0.001	0.001	0.895
0.001	0.001	0.001	0.997
0.001	0.001	0.001	0.997
>GCTTCCTGGCGG	12-GCTTCCTGGCGG	12.355432	-35.577240	0	T:7.0(0.69%),B:0.7(0.00%),P:1e-15	Tpos:121.4,Tstd:46.3,Bpos:71.0,Bstd:0.0,StrandBias:-0.4,Multiplicity:1.00
0.100	0.100	0.700	0.100
0.100	0.700	0.100	0.100
0.100	0.100	0.100	0.700
0.100	0.100	0.100	0.700
0.100	0.700	0.100	0.100
0.100	0.700	0.100	0.100
0.100	0.100	0.100	0.700
0.100	0.100	0.700	0.100
0.100	0.100	0.700	0.100
0.100	0.700	0.100	0.100
0.100	0.100	0.700	0.100
0.100	0.100	0.700	0.100
>TGTGATTGGCTG	13-TGTGATTGGCTG	9.400890	-33.756094	0	T:46.0(4.52%),B:525.8(1.09%),P:1e-14	Tpos:102.1,Tstd:57.4,Bpos:95.5,Bstd:62.4,StrandBias:0.1,Multiplicity:1.04
0.044	0.089	0.019	0.848
0.001	0.145	0.783	0.071
0.076	0.069	0.027	0.828
0.076	0.055	0.868	0.001
0.702	0.136	0.093	0.069
0.025	0.102	0.159	0.714
0.024	0.001	0.001	0.974
0.072	0.051	0.826	0.051
0.051	0.017	0.886	0.046
0.017	0.891	0.067	0.025
0.062	0.025	0.051	0.862
0.060	0.074	0.824	0.042
>CCCTCCTTGCTG	14-CCCTCCTTGCTG	14.355114	-32.771148	0	T:8.0(0.79%),B:3.7(0.01%),P:1e-14	Tpos:119.6,Tstd:54.8,Bpos:91.6,Bstd:14.8,StrandBias:-0.7,Multiplicity:1.00
0.001	0.997	0.001	0.001
0.001	0.997	0.001	0.001
0.001	0.997	0.001	0.001
0.001	0.001	0.120	0.878
0.001	0.997	0.001	0.001
0.001	0.997	0.001	0.001
0.001	0.001	0.001	0.997
0.001	0.001	0.001	0.997
0.120	0.001	0.878	0.001
0.001	0.997	0.001	0.001
0.001	0.001	0.001	0.997
0.001	0.001	0.997	0.001
>CGGAAACCACAG	15-CGGAAACCACAG	9.569532	-29.825455	0	T:39.0(3.83%),B:431.7(0.89%),P:1e-12	Tpos:93.6,Tstd:49.4,Bpos:96.4,Bstd:63.4,StrandBias:-0.4,Multiplicity:1.05
0.095	0.663	0.206	0.036
0.128	0.050	0.713	0.109
0.095	0.134	0.770	0.001
0.997	0.001	0.001	0.001
0.932	0.045	0.022	0.001
0.768	0.049	0.151	0.032
0.060	0.829	0.079	0.032
0.063	0.910	0.001	0.026
0.737	0.077	0.089	0.097
0.036	0.943	0.020	0.001
0.890	0.063	0.032	0.015
0.095	0.021	0.852	0.032
>TGACAGGTGTNA	16-TGACAGGTGTNA	10.373669	-29.290176	0	T:23.0(2.26%),B:143.4(0.30%),P:1e-12	Tpos:100.5,Tstd:49.0,Bpos:92.5,Bstd:56.4,StrandBias:-0.1,Multiplicity:1.17
0.001	0.001	0.001	0.997
0.001	0.073	0.925	0.001
0.709	0.212	0.002	0.077
0.001	0.848	0.001	0.150
0.997	0.001	0.001	0.001
0.282	0.001	0.716	0.001
0.121	0.076	0.802	0.001
0.001	0.073	0.001	0.925
0.001	0.073	0.925	0.001
0.227	0.001	0.001	0.771
0.308	0.182	0.301	0.209
0.925	0.001	0.001	0.073
>ACCAGCTGTGTG	17-ACCAGCTGTGTG	9.836229	-28.121519	0	T:44.0(4.32%),B:570.1(1.18%),P:1e-12	Tpos:100.7,Tstd:47.4,Bpos:99.8,Bstd:61.2,StrandBias:0.3,Multiplicity:1.02
0.696	0.146	0.077	0.081
0.073	0.845	0.068	0.014
0.050	0.919	0.001	0.030
0.873	0.001	0.030	0.096
0.019	0.001	0.979	0.001
0.113	0.765	0.061	0.061
0.062	0.016	0.001	0.921
0.001	0.096	0.873	0.030
0.050	0.039	0.076	0.835
0.025	0.098	0.775	0.102
0.057	0.072	0.108	0.763
0.025	0.092	0.761	0.122
>GACRCATCASYS	18-GACRCATCASYS	8.253171	-26.241109	0	T:13.0(1.28%),B:38.1(0.08%),P:1e-11	Tpos:76.9,Tstd:51.2,Bpos:86.7,Bstd:53.9,StrandBias:0.2,Multiplicity:1.00
0.001	0.001	0.997	0.001
0.997	0.001	0.001	0.001
0.001	0.997	0.001	0.001
0.442	0.001	0.556	0.001
0.001	0.997	0.001	0.001
0.997	0.001	0.001	0.001
0.001	0.001	0.001	0.997
0.001	0.997	0.001	0.001
0.997	0.001	0.001	0.001
0.020	0.516	0.463	0.001
0.060	0.443	0.001	0.497
0.001	0.556	0.442	0.001
>CACAKGATGTSC	19-CACAKGATGTSC	10.979690	-25.199741	0	T:17.0(1.67%),B:86.3(0.18%),P:1e-10	Tpos:112.2,Tstd:50.9,Bpos:99.6,Bstd:56.5,StrandBias:0.0,Multiplicity:1.00
0.001	0.745	0.253	0.001
0.997	0.001	0.001	0.001
0.001	0.997	0.001	0.001
0.914	0.084	0.001	0.001
0.084	0.001	0.487	0.428
0.177	0.169	0.653	0.001
0.868	0.130	0.001	0.001
0.001	0.178	0.001	0.820
0.001	0.001	0.914	0.084
0.001	0.001	0.001	0.997
0.001	0.427	0.310	0.262
0.001	0.997	0.001	0.001
>GTACAAGTAGTC	20-GTACAAGTAGTC	11.698600	-21.292063	0	T:10.0(0.98%),B:27.1(0.06%),P:1e-9	Tpos:97.1,Tstd:46.6,Bpos:110.7,Bstd:65.2,StrandBias:0.0,Multiplicity:1.00
0.001	0.001	0.997	0.001
0.001	0.001	0.379	0.619
0.619	0.190	0.001	0.190
0.001	0.809	0.189	0.001
0.997	0.001	0.001	0.001
0.809	0.001	0.001	0.189
0.001	0.001	0.997	0.001
0.001	0.001	0.189	0.809
0.997	0.001	0.001	0.001
0.001	0.001	0.997	0.001
0.001	0.001	0.189	0.809
0.190	0.619	0.190	0.001
>CTCCGCGCCCTC	21-CTCCGCGCCCTC	12.355432	-21.149271	0	T:7.0(0.69%),B:8.7(0.02%),P:1e-9	Tpos:92.6,Tstd:30.9,Bpos:114.5,Bstd:37.5,StrandBias:-1.3,Multiplicity:1.00
0.100	0.700	0.100	0.100
0.100	0.100	0.100	0.700
0.100	0.700	0.100	0.100
0.100	0.700	0.100	0.100
0.100	0.100	0.700	0.100
0.100	0.700	0.100	0.100
0.100	0.100	0.700	0.100
0.100	0.700	0.100	0.100
0.100	0.700	0.100	0.100
0.100	0.700	0.100	0.100
0.100	0.100	0.100	0.700
0.100	0.700	0.100	0.100
>GGGGYGTGGCYG	22-GGGGYGTGGCYG	11.042412	-19.346378	0	T:26.0(2.55%),B:303.6(0.63%),P:1e-8	Tpos:100.6,Tstd:49.7,Bpos:89.4,Bstd:50.4,StrandBias:-0.5,Multiplicity:1.28
0.072	0.029	0.792	0.107
0.017	0.106	0.826	0.051
0.015	0.086	0.898	0.001
0.224	0.030	0.745	0.001
0.103	0.484	0.042	0.370
0.061	0.067	0.831	0.041
0.140	0.086	0.213	0.561
0.016	0.031	0.952	0.001
0.031	0.031	0.846	0.092
0.031	0.844	0.064	0.061
0.104	0.418	0.195	0.283
0.001	0.196	0.554	0.249
>YAGTSMYCATAG	23-YAGTSMYCATAG	13.810311	-13.141951	0	T:4.0(0.39%),B:4.5(0.01%),P:1e-5	Tpos:86.4,Tstd:58.0,Bpos:87.6,Bstd:31.5,StrandBias:3.3,Multiplicity:2.75
0.001	0.542	0.001	0.456
0.997	0.001	0.001	0.001
0.001	0.001	0.997	0.001
0.001	0.001	0.001	0.997
0.001	0.442	0.556	0.001
0.556	0.442	0.001	0.001
0.001	0.456	0.001	0.542
0.001	0.997	0.001	0.001
0.997	0.001	0.001	0.001
0.001	0.001	0.001	0.997
0.997	0.001	0.001	0.001
0.001	0.001	0.997	0.001
>ACATCAGTGAAG	24-ACATCAGTGAAG	14.614707	-10.123144	0	T:3.0(0.29%),B:3.7(0.01%),P:1e-4	Tpos:103.9,Tstd:58.2,Bpos:131.6,Bstd:11.1,StrandBias:-2.6,Multiplicity:2.33
0.997	0.001	0.001	0.001
0.001	0.997	0.001	0.001
0.997	0.001	0.001	0.001
0.001	0.001	0.001	0.997
0.001	0.997	0.001	0.001
0.997	0.001	0.001	0.001
0.001	0.001	0.997	0.001
0.001	0.001	0.001	0.997
0.001	0.001	0.997	0.001
0.997	0.001	0.001	0.001
0.861	0.137	0.001	0.001
0.001	0.001	0.997	0.001
>ATATATATDYAT	25-ATATATATDYAT	12.122280	-9.084430	0	T:7.0(0.69%),B:50.1(0.10%),P:1e-3	Tpos:131.2,Tstd:26.5,Bpos:101.9,Bstd:49.3,StrandBias:0.1,Multiplicity:1.43
0.997	0.001	0.001	0.001
0.148	0.295	0.001	0.556
0.997	0.001	0.001	0.001
0.001	0.001	0.001	0.997
0.883	0.001	0.115	0.001
0.001	0.001	0.001	0.997
0.997	0.001	0.001	0.001
0.001	0.001	0.001	0.997
0.366	0.001	0.265	0.368
0.004	0.444	0.001	0.551
0.601	0.013	0.194	0.192
0.333	0.082	0.001	0.584
