>ACTTCCTGTT	1-ACTTCCTGTT	6.861432	-210.128351	0	T:424.0(41.65%),B:7305.7(15.13%),P:1e-91	Tpos:100.0,Tstd:54.1,Bpos:99.7,Bstd:59.7,StrandBias:-0.2,Multiplicity:1.29
0.690	0.022	0.265	0.023
0.001	0.633	0.144	0.222
0.176	0.045	0.023	0.756
0.001	0.066	0.004	0.929
0.001	0.994	0.004	0.001
0.001	0.980	0.001	0.018
0.004	0.145	0.127	0.724
0.013	0.283	0.539	0.165
0.147	0.255	0.115	0.483
0.087	0.198	0.201	0.514
>DATGASTCAC	2-DATGASTCAC	7.844890	-127.288272	0	T:114.0(11.20%),B:811.7(1.68%),P:1e-55	Tpos:106.1,Tstd:50.5,Bpos:95.9,Bstd:60.8,StrandBias:0.1,Multiplicity:1.14
0.277	0.083	0.383	0.256
0.662	0.025	0.248	0.065
0.001	0.001	0.001	0.997
0.024	0.013	0.962	0.001
0.997	0.001	0.001	0.001
0.015	0.474	0.510	0.001
0.032	0.001	0.021	0.946
0.056	0.890	0.018	0.036
0.963	0.010	0.001	0.026
0.029	0.643	0.075	0.253
>GTAACCACAD	3-GTAACCACAD	7.588381	-79.976860	0	T:177.0(17.39%),B:2963.7(6.14%),P:1e-34	Tpos:98.1,Tstd:51.3,Bpos:99.5,Bstd:62.7,StrandBias:-0.1,Multiplicity:1.10
0.114	0.228	0.477	0.181
0.266	0.021	0.001	0.712
0.501	0.160	0.197	0.142
0.997	0.001	0.001	0.001
0.152	0.846	0.001	0.001
0.001	0.997	0.001	0.001
0.997	0.001	0.001	0.001
0.020	0.838	0.033	0.109
0.997	0.001	0.001	0.001
0.349	0.177	0.262	0.212
>STTCCGCTTT	4-STTCCGCTTT	8.126691	-79.815538	0	T:155.0(15.23%),B:2360.0(4.89%),P:1e-34	Tpos:104.6,Tstd:52.5,Bpos:102.8,Bstd:58.8,StrandBias:-0.2,Multiplicity:1.04
0.001	0.539	0.459	0.001
0.001	0.151	0.001	0.847
0.001	0.001	0.001	0.997
0.001	0.907	0.001	0.091
0.001	0.721	0.001	0.277
0.001	0.129	0.644	0.226
0.001	0.615	0.383	0.001
0.063	0.184	0.158	0.595
0.001	0.260	0.001	0.738
0.001	0.188	0.001	0.810
>GCGACCCGAT	5-GCGACCCGAT	11.314177	-46.845362	0	T:10.0(0.98%),B:2.9(0.01%),P:1e-20	Tpos:114.3,Tstd:43.3,Bpos:80.8,Bstd:63.3,StrandBias:-1.2,Multiplicity:1.00
0.001	0.088	0.910	0.001
0.001	0.997	0.001	0.001
0.001	0.001	0.997	0.001
0.910	0.001	0.001	0.088
0.001	0.997	0.001	0.001
0.001	0.997	0.001	0.001
0.001	0.997	0.001	0.001
0.001	0.001	0.997	0.001
0.997	0.001	0.001	0.001
0.001	0.001	0.001	0.997
>TCCCCTGGGG	6-TCCCCTGGGG	7.192616	-41.789426	0	T:132.0(12.97%),B:2698.8(5.59%),P:1e-18	Tpos:103.4,Tstd:56.4,Bpos:98.5,Bstd:56.0,StrandBias:-0.2,Multiplicity:1.10
0.059	0.090	0.093	0.758
0.030	0.861	0.040	0.069
0.027	0.857	0.047	0.069
0.028	0.794	0.078	0.100
0.079	0.729	0.055	0.137
0.129	0.059	0.060	0.752
0.059	0.067	0.790	0.084
0.048	0.051	0.855	0.046
0.058	0.053	0.834	0.055
0.101	0.061	0.775	0.063
>GGGCCCTCCC	7-GGGCCCTCCC	7.040069	-35.234925	0	T:188.0(18.47%),B:4871.0(10.09%),P:1e-15	Tpos:96.0,Tstd:53.9,Bpos:97.9,Bstd:56.6,StrandBias:-0.1,Multiplicity:1.24
0.119	0.074	0.806	0.001
0.108	0.058	0.808	0.026
0.145	0.050	0.655	0.150
0.001	0.718	0.001	0.280
0.001	0.600	0.001	0.398
0.001	0.836	0.001	0.162
0.264	0.159	0.152	0.425
0.263	0.613	0.001	0.123
0.001	0.895	0.001	0.103
0.001	0.997	0.001	0.001
>CAGCTGTCAC	8-CAGCTGTCAC	6.573484	-32.472166	0	T:262.0(25.74%),B:7835.4(16.23%),P:1e-14	Tpos:103.9,Tstd:56.1,Bpos:99.6,Bstd:63.1,StrandBias:-0.2,Multiplicity:1.26
0.066	0.800	0.049	0.085
0.764	0.067	0.089	0.080
0.058	0.069	0.815	0.058
0.069	0.769	0.080	0.082
0.066	0.045	0.055	0.834
0.034	0.061	0.860	0.045
0.049	0.067	0.067	0.817
0.075	0.714	0.125	0.086
0.823	0.045	0.053	0.079
0.054	0.807	0.090	0.049
>ATTTGCATAG	9-ATTTGCATAG	9.470090	-31.212895	0	T:28.0(2.75%),B:206.5(0.43%),P:1e-13	Tpos:83.2,Tstd:53.9,Bpos:97.4,Bstd:59.4,StrandBias:-0.1,Multiplicity:1.00
0.962	0.001	0.001	0.036
0.001	0.001	0.069	0.929
0.001	0.001	0.041	0.957
0.051	0.001	0.001	0.947
0.110	0.031	0.858	0.001
0.001	0.877	0.052	0.070
0.959	0.039	0.001	0.001
0.001	0.001	0.001	0.997
0.798	0.108	0.047	0.047
0.139	0.001	0.736	0.124
>TTCCGCGGGA	10-TTCCGCGGGA	10.296193	-30.186810	0	T:9.0(0.88%),B:7.4(0.02%),P:1e-13	Tpos:70.7,Tstd:48.5,Bpos:98.8,Bstd:69.0,StrandBias:-1.8,Multiplicity:1.00
0.100	0.100	0.100	0.700
0.100	0.100	0.100	0.700
0.100	0.700	0.100	0.100
0.100	0.700	0.100	0.100
0.100	0.100	0.700	0.100
0.100	0.700	0.100	0.100
0.100	0.100	0.700	0.100
0.100	0.100	0.700	0.100
0.100	0.100	0.700	0.100
0.700	0.100	0.100	0.100
>TCTTGGTAAC	11-TCTTGGTAAC	6.778963	-29.902920	0	T:150.0(14.73%),B:3781.5(7.83%),P:1e-12	Tpos:101.2,Tstd:55.0,Bpos:100.0,Bstd:61.4,StrandBias:0.3,Multiplicity:1.10
0.001	0.197	0.137	0.665
0.001	0.846	0.043	0.110
0.070	0.316	0.001	0.613
0.057	0.001	0.175	0.767
0.133	0.001	0.517	0.349
0.136	0.001	0.645	0.218
0.066	0.186	0.043	0.705
0.631	0.233	0.001	0.135
0.997	0.001	0.001	0.001
0.072	0.911	0.016	0.001
>ATTAGTAACA	12-ATTAGTAACA	6.874560	-26.617234	0	T:90.0(8.84%),B:1906.2(3.95%),P:1e-11	Tpos:87.8,Tstd:50.3,Bpos:100.7,Bstd:61.3,StrandBias:0.4,Multiplicity:1.07
0.866	0.132	0.001	0.001
0.219	0.065	0.001	0.715
0.157	0.065	0.167	0.611
0.902	0.096	0.001	0.001
0.064	0.007	0.866	0.063
0.001	0.001	0.021	0.977
0.840	0.038	0.120	0.002
0.957	0.001	0.041	0.001
0.001	0.670	0.175	0.154
0.569	0.276	0.002	0.153
>CGCCACCAAG	13-CGCCACCAAG	10.296193	-26.194075	0	T:9.0(0.88%),B:11.2(0.02%),P:1e-11	Tpos:76.4,Tstd:67.8,Bpos:85.3,Bstd:66.6,StrandBias:1.8,Multiplicity:1.00
0.100	0.700	0.100	0.100
0.100	0.100	0.700	0.100
0.100	0.700	0.100	0.100
0.100	0.700	0.100	0.100
0.700	0.100	0.100	0.100
0.100	0.700	0.100	0.100
0.100	0.700	0.100	0.100
0.700	0.100	0.100	0.100
0.700	0.100	0.100	0.100
0.100	0.100	0.700	0.100
>AAGTCATATG	14-AAGTCATATG	7.906555	-25.500705	0	T:23.0(2.26%),B:173.6(0.36%),P:1e-11	Tpos:126.3,Tstd:53.2,Bpos:108.5,Bstd:59.0,StrandBias:1.0,Multiplicity:1.05
0.471	0.185	0.218	0.125
0.534	0.060	0.211	0.195
0.292	0.059	0.645	0.004
0.048	0.032	0.001	0.919
0.228	0.538	0.040	0.194
0.745	0.054	0.188	0.013
0.042	0.045	0.255	0.658
0.536	0.070	0.201	0.193
0.088	0.153	0.025	0.734
0.064	0.072	0.803	0.061
>GGCGCGGTAG	15-GGCGCGGTAG	11.854666	-25.017395	0	T:8.0(0.79%),B:9.0(0.02%),P:1e-10	Tpos:142.8,Tstd:37.0,Bpos:87.1,Bstd:76.6,StrandBias:-1.6,Multiplicity:1.00
0.001	0.001	0.997	0.001
0.001	0.001	0.997	0.001
0.001	0.887	0.001	0.111
0.001	0.001	0.997	0.001
0.001	0.997	0.001	0.001
0.001	0.001	0.997	0.001
0.001	0.001	0.843	0.155
0.001	0.001	0.001	0.997
0.997	0.001	0.001	0.001
0.001	0.001	0.997	0.001
>CTGTGACGTA	16-CTGTGACGTA	7.022215	-24.778442	0	T:50.0(4.91%),B:787.8(1.63%),P:1e-10	Tpos:84.2,Tstd:45.2,Bpos:98.2,Bstd:60.2,StrandBias:-0.4,Multiplicity:1.03
0.072	0.763	0.132	0.033
0.149	0.047	0.101	0.703
0.101	0.161	0.639	0.099
0.119	0.010	0.094	0.777
0.106	0.076	0.688	0.130
0.775	0.046	0.065	0.114
0.096	0.642	0.119	0.143
0.111	0.136	0.647	0.106
0.090	0.168	0.125	0.617
0.629	0.144	0.126	0.101
>ATCAGGGCGT	17-ATCAGGGCGT	7.583460	-24.453591	0	T:38.0(3.73%),B:494.0(1.02%),P:1e-10	Tpos:93.1,Tstd:52.3,Bpos:103.6,Bstd:59.0,StrandBias:-0.2,Multiplicity:1.08
0.809	0.079	0.087	0.025
0.128	0.044	0.087	0.741
0.059	0.775	0.076	0.090
0.815	0.072	0.066	0.047
0.049	0.011	0.861	0.079
0.145	0.029	0.710	0.116
0.044	0.051	0.890	0.015
0.032	0.806	0.100	0.062
0.034	0.043	0.838	0.085
0.064	0.056	0.116	0.764
>TGTGGTGACA	18-TGTGGTGACA	4.659688	-20.715151	0	T:539.0(52.95%),B:21014.3(43.53%),P:1e-8	Tpos:97.0,Tstd:53.6,Bpos:99.7,Bstd:60.9,StrandBias:-0.1,Multiplicity:1.30
0.092	0.106	0.119	0.683
0.112	0.121	0.677	0.090
0.104	0.111	0.100	0.685
0.106	0.099	0.673	0.122
0.083	0.087	0.712	0.118
0.095	0.051	0.116	0.738
0.082	0.109	0.719	0.090
0.698	0.102	0.109	0.091
0.104	0.753	0.077	0.066
0.661	0.111	0.125	0.103
>GCCACGCCYC	19-GCCACGCCYC	9.012130	-19.982016	0	T:68.0(6.68%),B:1454.1(3.01%),P:1e-8	Tpos:104.8,Tstd:51.4,Bpos:91.5,Bstd:54.7,StrandBias:-0.2,Multiplicity:1.27
0.001	0.053	0.716	0.230
0.059	0.664	0.276	0.001
0.001	0.864	0.127	0.008
0.900	0.098	0.001	0.001
0.187	0.811	0.001	0.001
0.001	0.001	0.842	0.156
0.001	0.938	0.001	0.060
0.001	0.997	0.001	0.001
0.223	0.402	0.001	0.374
0.001	0.997	0.001	0.001
>GTRKTCATAD	20-GTRKTCATAD	7.304255	-19.799844	0	T:36.0(3.54%),B:533.1(1.10%),P:1e-8	Tpos:98.5,Tstd:51.7,Bpos:99.6,Bstd:58.1,StrandBias:0.9,Multiplicity:1.21
0.079	0.035	0.597	0.289
0.070	0.009	0.037	0.884
0.384	0.151	0.454	0.011
0.164	0.072	0.385	0.378
0.033	0.008	0.040	0.919
0.018	0.609	0.056	0.317
0.458	0.226	0.306	0.010
0.074	0.149	0.080	0.697
0.688	0.162	0.012	0.138
0.284	0.035	0.395	0.287
>AGCTGACCAA	21-AGCTGACCAA	10.553967	-17.263268	0	T:14.0(1.38%),B:97.0(0.20%),P:1e-7	Tpos:102.8,Tstd:51.8,Bpos:108.9,Bstd:56.5,StrandBias:0.4,Multiplicity:1.00
0.944	0.001	0.001	0.054
0.001	0.001	0.997	0.001
0.001	0.997	0.001	0.001
0.001	0.001	0.001	0.997
0.001	0.001	0.997	0.001
0.997	0.001	0.001	0.001
0.001	0.997	0.001	0.001
0.001	0.737	0.198	0.064
0.997	0.001	0.001	0.001
0.938	0.001	0.001	0.060
>GCCCTCCYTA	22-GCCCTCCYTA	9.862150	-12.919128	0	T:20.0(1.96%),B:272.2(0.56%),P:1e-5	Tpos:126.3,Tstd:50.5,Bpos:104.5,Bstd:54.5,StrandBias:-0.8,Multiplicity:1.00
0.105	0.001	0.893	0.001
0.014	0.894	0.001	0.091
0.014	0.846	0.139	0.001
0.001	0.859	0.001	0.139
0.001	0.214	0.048	0.737
0.124	0.874	0.001	0.001
0.097	0.901	0.001	0.001
0.001	0.501	0.006	0.492
0.001	0.001	0.001	0.997
0.781	0.001	0.217	0.001
>AGTGATTATA	23-AGTGATTATA	10.531619	-9.870838	0	T:7.0(0.69%),B:44.6(0.09%),P:1e-4	Tpos:83.1,Tstd:72.5,Bpos:92.9,Bstd:61.7,StrandBias:0.4,Multiplicity:1.00
0.997	0.001	0.001	0.001
0.186	0.001	0.812	0.001
0.001	0.001	0.001	0.997
0.287	0.001	0.711	0.001
0.812	0.001	0.186	0.001
0.001	0.001	0.105	0.893
0.001	0.070	0.001	0.928
0.997	0.001	0.001	0.001
0.001	0.001	0.001	0.997
0.792	0.049	0.158	0.001
>CACAAGTCTT	24-CACAAGTCTT	10.296193	-5.304169	0	T:3.0(0.29%),B:16.9(0.03%),P:1e-2	Tpos:116.2,Tstd:56.4,Bpos:102.4,Bstd:66.9,StrandBias:2.3,Multiplicity:3.00
0.100	0.700	0.100	0.100
0.700	0.100	0.100	0.100
0.100	0.700	0.100	0.100
0.700	0.100	0.100	0.100
0.700	0.100	0.100	0.100
0.100	0.100	0.700	0.100
0.100	0.100	0.100	0.700
0.100	0.700	0.100	0.100
0.100	0.100	0.100	0.700
0.100	0.100	0.100	0.700
>ATATATATAT	25-ATATATATAT	9.786831	-4.145734	0	T:6.0(0.59%),B:94.0(0.19%),P:1e-1	Tpos:127.2,Tstd:32.2,Bpos:104.1,Bstd:49.7,StrandBias:0.4,Multiplicity:1.83
0.997	0.001	0.001	0.001
0.001	0.181	0.044	0.774
0.997	0.001	0.001	0.001
0.001	0.021	0.001	0.977
0.951	0.001	0.047	0.001
0.001	0.001	0.001	0.997
0.997	0.001	0.001	0.001
0.001	0.023	0.001	0.975
0.980	0.001	0.001	0.018
0.025	0.056	0.001	0.918
>CACTTCCTGTKT	1-CACTTCCTGTKT	7.033848	-181.344039	0	T:377.0(37.03%),B:6492.0(13.45%),P:1e-78	Tpos:101.6,Tstd:53.2,Bpos:100.7,Bstd:58.1,StrandBias:-0.3,Multiplicity:1.28
0.034	0.498	0.173	0.294
0.571	0.090	0.245	0.094
0.001	0.641	0.170	0.188
0.206	0.001	0.017	0.776
0.001	0.032	0.034	0.933
0.033	0.902	0.064	0.001
0.001	0.948	0.034	0.017
0.001	0.040	0.115	0.844
0.034	0.258	0.570	0.138
0.181	0.216	0.041	0.562
0.146	0.144	0.292	0.418
0.174	0.182	0.181	0.463
>KKRTGASTCAYM	2-KKRTGASTCAYM	7.866660	-144.545875	0	T:133.0(13.06%),B:984.4(2.04%),P:1e-62	Tpos:104.9,Tstd:50.8,Bpos:96.6,Bstd:62.3,StrandBias:-0.2,Multiplicity:1.14
0.164	0.182	0.374	0.280
0.211	0.140	0.391	0.258
0.444	0.064	0.329	0.163
0.022	0.001	0.001	0.976
0.001	0.023	0.813	0.163
0.906	0.092	0.001	0.001
0.070	0.507	0.399	0.024
0.093	0.001	0.071	0.835
0.163	0.813	0.023	0.001
0.997	0.001	0.001	0.001
0.001	0.491	0.134	0.374
0.373	0.351	0.134	0.141
>TCCCCAGGGRMH	3-TCCCCAGGGRMH	10.392982	-54.799254	0	T:51.0(5.01%),B:382.3(0.79%),P:1e-23	Tpos:104.5,Tstd:49.9,Bpos:97.1,Bstd:54.1,StrandBias:-0.2,Multiplicity:1.00
0.001	0.384	0.001	0.614
0.001	0.997	0.001	0.001
0.001	0.937	0.001	0.061
0.001	0.997	0.001	0.001
0.271	0.486	0.001	0.242
0.641	0.001	0.001	0.357
0.001	0.001	0.997	0.001
0.288	0.001	0.710	0.001
0.001	0.001	0.997	0.001
0.516	0.001	0.482	0.001
0.376	0.450	0.174	0.001
0.346	0.268	0.126	0.260
>ACCCGATTGGCG	4-ACCCGATTGGCG	13.594194	-47.587206	0	T:9.0(0.88%),B:0.7(0.00%),P:1e-20	Tpos:117.1,Tstd:28.9,Bpos:131.0,Bstd:0.0,StrandBias:-1.8,Multiplicity:1.00
0.874	0.001	0.001	0.124
0.001	0.997	0.001	0.001
0.001	0.997	0.001	0.001
0.001	0.997	0.001	0.001
0.001	0.001	0.997	0.001
0.997	0.001	0.001	0.001
0.001	0.001	0.001	0.997
0.001	0.001	0.001	0.997
0.001	0.001	0.997	0.001
0.001	0.001	0.997	0.001
0.001	0.601	0.001	0.397
0.001	0.001	0.997	0.001
>CTTGGTGGCGCG	5-CTTGGTGGCGCG	14.212889	-46.845362	0	T:10.0(0.98%),B:2.9(0.01%),P:1e-20	Tpos:80.2,Tstd:67.2,Bpos:147.2,Bstd:33.6,StrandBias:-2.0,Multiplicity:1.00
0.001	0.997	0.001	0.001
0.001	0.001	0.001	0.997
0.001	0.001	0.001	0.997
0.001	0.001	0.997	0.001
0.001	0.001	0.997	0.001
0.001	0.001	0.001	0.997
0.001	0.001	0.997	0.001
0.001	0.001	0.997	0.001
0.001	0.896	0.001	0.102
0.001	0.001	0.997	0.001
0.001	0.896	0.102	0.001
0.001	0.001	0.997	0.001
>YTGTGGTCASGG	6-YTGTGGTCASGG	9.481620	-45.149198	0	T:66.0(6.48%),B:795.2(1.65%),P:1e-19	Tpos:97.5,Tstd:48.2,Bpos:100.6,Bstd:59.0,StrandBias:0.5,Multiplicity:1.03
0.076	0.398	0.241	0.284
0.001	0.030	0.001	0.968
0.001	0.117	0.881	0.001
0.116	0.001	0.001	0.882
0.001	0.001	0.997	0.001
0.001	0.001	0.997	0.001
0.001	0.001	0.262	0.736
0.001	0.680	0.318	0.001
0.888	0.001	0.110	0.001
0.001	0.360	0.475	0.164
0.297	0.001	0.651	0.051
0.088	0.221	0.545	0.146
>GTAGCGGCGGGC	7-GTAGCGGCGGGC	12.355432	-41.522866	0	T:8.0(0.79%),B:1.0(0.00%),P:1e-18	Tpos:122.6,Tstd:38.9,Bpos:10.0,Bstd:0.0,StrandBias:-1.6,Multiplicity:1.00
0.100	0.100	0.700	0.100
0.100	0.100	0.100	0.700
0.700	0.100	0.100	0.100
0.100	0.100	0.700	0.100
0.100	0.700	0.100	0.100
0.100	0.100	0.700	0.100
0.100	0.100	0.700	0.100
0.100	0.700	0.100	0.100
0.100	0.100	0.700	0.100
0.100	0.100	0.700	0.100
0.100	0.100	0.700	0.100
0.100	0.700	0.100	0.100
>GCGGGAGGCGTC	8-GCGGGAGGCGTC	14.269437	-41.367689	0	T:9.0(0.88%),B:2.1(0.00%),P:1e-17	Tpos:87.0,Tstd:61.3,Bpos:146.9,Bstd:44.9,StrandBias:-1.0,Multiplicity:1.00
0.001	0.001	0.997	0.001
0.001	0.997	0.001	0.001
0.001	0.097	0.901	0.001
0.001	0.001	0.997	0.001
0.001	0.001	0.997	0.001
0.997	0.001	0.001	0.001
0.001	0.001	0.997	0.001
0.001	0.001	0.997	0.001
0.001	0.997	0.001	0.001
0.001	0.001	0.997	0.001
0.001	0.001	0.001	0.997
0.001	0.997	0.001	0.001
>AAAAGCAGAAGT	9-AAAAGCAGAAGT	10.754935	-39.438434	0	T:25.0(2.46%),B:110.8(0.23%),P:1e-17	Tpos:112.8,Tstd:48.3,Bpos:104.7,Bstd:58.4,StrandBias:-0.3,Multiplicity:1.00
0.667	0.168	0.164	0.001
0.844	0.154	0.001	0.001
0.698	0.001	0.001	0.300
0.838	0.001	0.063	0.098
0.001	0.001	0.821	0.177
0.097	0.901	0.001	0.001
0.997	0.001	0.001	0.001
0.098	0.178	0.723	0.001
0.728	0.173	0.001	0.098
0.821	0.001	0.001	0.177
0.001	0.112	0.886	0.001
0.001	0.109	0.004	0.886
>GTTGCCATGGCA	10-GTTGCCATGGCA	8.586015	-37.583473	0	T:58.0(5.70%),B:735.2(1.52%),P:1e-16	Tpos:107.5,Tstd:47.1,Bpos:100.3,Bstd:59.7,StrandBias:-0.3,Multiplicity:1.20
0.001	0.001	0.997	0.001
0.001	0.014	0.047	0.938
0.314	0.001	0.001	0.684
0.206	0.001	0.764	0.029
0.112	0.811	0.076	0.001
0.001	0.774	0.001	0.224
0.782	0.001	0.116	0.101
0.170	0.083	0.188	0.559
0.171	0.001	0.827	0.001
0.159	0.117	0.664	0.060
0.159	0.629	0.001	0.211
0.701	0.054	0.079	0.166
>GCCCTCCCCTTT	11-GCCCTCCCCTTT	14.113601	-35.935130	0	T:10.0(0.98%),B:6.4(0.01%),P:1e-15	Tpos:90.8,Tstd:46.9,Bpos:48.2,Bstd:41.0,StrandBias:-1.2,Multiplicity:1.00
0.103	0.001	0.895	0.001
0.001	0.997	0.001	0.001
0.001	0.895	0.001	0.103
0.001	0.997	0.001	0.001
0.001	0.001	0.001	0.997
0.001	0.997	0.001	0.001
0.001	0.997	0.001	0.001
0.001	0.997	0.001	0.001
0.001	0.997	0.001	0.001
0.103	0.001	0.001	0.895
0.001	0.001	0.001	0.997
0.001	0.001	0.001	0.997
>GCTTCCTGGCGG	12-GCTTCCTGGCGG	12.355432	-35.577240	0	T:7.0(0.69%),B:0.7(0.00%),P:1e-15	Tpos:121.4,Tstd:46.3,Bpos:71.0,Bstd:0.0,StrandBias:-0.4,Multiplicity:1.00
0.100	0.100	0.700	0.100
0.100	0.700	0.100	0.100
0.100	0.100	0.100	0.700
0.100	0.100	0.100	0.700
0.100	0.700	0.100	0.100
0.100	0.700	0.100	0.100
0.100	0.100	0.100	0.700
0.100	0.100	0.700	0.100
0.100	0.100	0.700	0.100
0.100	0.700	0.100	0.100
0.100	0.100	0.700	0.100
0.100	0.100	0.700	0.100
>TGTGATTGGCTG	13-TGTGATTGGCTG	9.400890	-33.756094	0	T:46.0(4.52%),B:525.8(1.09%),P:1e-14	Tpos:102.1,Tstd:57.4,Bpos:95.5,Bstd:62.4,StrandBias:0.1,Multiplicity:1.04
0.044	0.089	0.019	0.848
0.001	0.145	0.783	0.071
0.076	0.069	0.027	0.828
0.076	0.055	0.868	0.001
0.702	0.136	0.093	0.069
0.025	0.102	0.159	0.714
0.024	0.001	0.001	0.974
0.072	0.051	0.826	0.051
0.051	0.017	0.886	0.046
0.017	0.891	0.067	0.025
0.062	0.025	0.051	0.862
0.060	0.074	0.824	0.042
>CCCTCCTTGCTG	14-CCCTCCTTGCTG	14.355114	-32.771148	0	T:8.0(0.79%),B:3.7(0.01%),P:1e-14	Tpos:119.6,Tstd:54.8,Bpos:91.6,Bstd:14.8,StrandBias:-0.7,Multiplicity:1.00
0.001	0.997	0.001	0.001
0.001	0.997	0.001	0.001
0.001	0.997	0.001	0.001
0.001	0.001	0.120	0.878
0.001	0.997	0.001	0.001
0.001	0.997	0.001	0.001
0.001	0.001	0.001	0.997
0.001	0.001	0.001	0.997
0.120	0.001	0.878	0.001
0.001	0.997	0.001	0.001
0.001	0.001	0.001	0.997
0.001	0.001	0.997	0.001
>CGGAAACCACAG	15-CGGAAACCACAG	9.569532	-29.825455	0	T:39.0(3.83%),B:431.7(0.89%),P:1e-12	Tpos:93.6,Tstd:49.4,Bpos:96.4,Bstd:63.4,StrandBias:-0.4,Multiplicity:1.05
0.095	0.663	0.206	0.036
0.128	0.050	0.713	0.109
0.095	0.134	0.770	0.001
0.997	0.001	0.001	0.001
0.932	0.045	0.022	0.001
0.768	0.049	0.151	0.032
0.060	0.829	0.079	0.032
0.063	0.910	0.001	0.026
0.737	0.077	0.089	0.097
0.036	0.943	0.020	0.001
0.890	0.063	0.032	0.015
0.095	0.021	0.852	0.032
>TGACAGGTGTNA	16-TGACAGGTGTNA	10.373669	-29.290176	0	T:23.0(2.26%),B:143.4(0.30%),P:1e-12	Tpos:100.5,Tstd:49.0,Bpos:92.5,Bstd:56.4,StrandBias:-0.1,Multiplicity:1.17
0.001	0.001	0.001	0.997
0.001	0.073	0.925	0.001
0.709	0.212	0.002	0.077
0.001	0.848	0.001	0.150
0.997	0.001	0.001	0.001
0.282	0.001	0.716	0.001
0.121	0.076	0.802	0.001
0.001	0.073	0.001	0.925
0.001	0.073	0.925	0.001
0.227	0.001	0.001	0.771
0.308	0.182	0.301	0.209
0.925	0.001	0.001	0.073
>ACCAGCTGTGTG	17-ACCAGCTGTGTG	9.836229	-28.121519	0	T:44.0(4.32%),B:570.1(1.18%),P:1e-12	Tpos:100.7,Tstd:47.4,Bpos:99.8,Bstd:61.2,StrandBias:0.3,Multiplicity:1.02
0.696	0.146	0.077	0.081
0.073	0.845	0.068	0.014
0.050	0.919	0.001	0.030
0.873	0.001	0.030	0.096
0.019	0.001	0.979	0.001
0.113	0.765	0.061	0.061
0.062	0.016	0.001	0.921
0.001	0.096	0.873	0.030
0.050	0.039	0.076	0.835
0.025	0.098	0.775	0.102
0.057	0.072	0.108	0.763
0.025	0.092	0.761	0.122
>GACRCATCASYS	18-GACRCATCASYS	8.253171	-26.241109	0	T:13.0(1.28%),B:38.1(0.08%),P:1e-11	Tpos:76.9,Tstd:51.2,Bpos:86.7,Bstd:53.9,StrandBias:0.2,Multiplicity:1.00
0.001	0.001	0.997	0.001
0.997	0.001	0.001	0.001
0.001	0.997	0.001	0.001
0.442	0.001	0.556	0.001
0.001	0.997	0.001	0.001
0.997	0.001	0.001	0.001
0.001	0.001	0.001	0.997
0.001	0.997	0.001	0.001
0.997	0.001	0.001	0.001
0.020	0.516	0.463	0.001
0.060	0.443	0.001	0.497
0.001	0.556	0.442	0.001
>CACAKGATGTSC	19-CACAKGATGTSC	10.979690	-25.199741	0	T:17.0(1.67%),B:86.3(0.18%),P:1e-10	Tpos:112.2,Tstd:50.9,Bpos:99.6,Bstd:56.5,StrandBias:0.0,Multiplicity:1.00
0.001	0.745	0.253	0.001
0.997	0.001	0.001	0.001
0.001	0.997	0.001	0.001
0.914	0.084	0.001	0.001
0.084	0.001	0.487	0.428
0.177	0.169	0.653	0.001
0.868	0.130	0.001	0.001
0.001	0.178	0.001	0.820
0.001	0.001	0.914	0.084
0.001	0.001	0.001	0.997
0.001	0.427	0.310	0.262
0.001	0.997	0.001	0.001
>GTACAAGTAGTC	20-GTACAAGTAGTC	11.698600	-21.292063	0	T:10.0(0.98%),B:27.1(0.06%),P:1e-9	Tpos:97.1,Tstd:46.6,Bpos:110.7,Bstd:65.2,StrandBias:0.0,Multiplicity:1.00
0.001	0.001	0.997	0.001
0.001	0.001	0.379	0.619
0.619	0.190	0.001	0.190
0.001	0.809	0.189	0.001
0.997	0.001	0.001	0.001
0.809	0.001	0.001	0.189
0.001	0.001	0.997	0.001
0.001	0.001	0.189	0.809
0.997	0.001	0.001	0.001
0.001	0.001	0.997	0.001
0.001	0.001	0.189	0.809
0.190	0.619	0.190	0.001
>CTCCGCGCCCTC	21-CTCCGCGCCCTC	12.355432	-21.149271	0	T:7.0(0.69%),B:8.7(0.02%),P:1e-9	Tpos:92.6,Tstd:30.9,Bpos:114.5,Bstd:37.5,StrandBias:-1.3,Multiplicity:1.00
0.100	0.700	0.100	0.100
0.100	0.100	0.100	0.700
0.100	0.700	0.100	0.100
0.100	0.700	0.100	0.100
0.100	0.100	0.700	0.100
0.100	0.700	0.100	0.100
0.100	0.100	0.700	0.100
0.100	0.700	0.100	0.100
0.100	0.700	0.100	0.100
0.100	0.700	0.100	0.100
0.100	0.100	0.100	0.700
0.100	0.700	0.100	0.100
>GGGGYGTGGCYG	22-GGGGYGTGGCYG	11.042412	-19.346378	0	T:26.0(2.55%),B:303.6(0.63%),P:1e-8	Tpos:100.6,Tstd:49.7,Bpos:89.4,Bstd:50.4,StrandBias:-0.5,Multiplicity:1.28
0.072	0.029	0.792	0.107
0.017	0.106	0.826	0.051
0.015	0.086	0.898	0.001
0.224	0.030	0.745	0.001
0.103	0.484	0.042	0.370
0.061	0.067	0.831	0.041
0.140	0.086	0.213	0.561
0.016	0.031	0.952	0.001
0.031	0.031	0.846	0.092
0.031	0.844	0.064	0.061
0.104	0.418	0.195	0.283
0.001	0.196	0.554	0.249
>YAGTSMYCATAG	23-YAGTSMYCATAG	13.810311	-13.141951	0	T:4.0(0.39%),B:4.5(0.01%),P:1e-5	Tpos:86.4,Tstd:58.0,Bpos:87.6,Bstd:31.5,StrandBias:3.3,Multiplicity:2.75
0.001	0.542	0.001	0.456
0.997	0.001	0.001	0.001
0.001	0.001	0.997	0.001
0.001	0.001	0.001	0.997
0.001	0.442	0.556	0.001
0.556	0.442	0.001	0.001
0.001	0.456	0.001	0.542
0.001	0.997	0.001	0.001
0.997	0.001	0.001	0.001
0.001	0.001	0.001	0.997
0.997	0.001	0.001	0.001
0.001	0.001	0.997	0.001
>ACATCAGTGAAG	24-ACATCAGTGAAG	14.614707	-10.123144	0	T:3.0(0.29%),B:3.7(0.01%),P:1e-4	Tpos:103.9,Tstd:58.2,Bpos:131.6,Bstd:11.1,StrandBias:-2.6,Multiplicity:2.33
0.997	0.001	0.001	0.001
0.001	0.997	0.001	0.001
0.997	0.001	0.001	0.001
0.001	0.001	0.001	0.997
0.001	0.997	0.001	0.001
0.997	0.001	0.001	0.001
0.001	0.001	0.997	0.001
0.001	0.001	0.001	0.997
0.001	0.001	0.997	0.001
0.997	0.001	0.001	0.001
0.861	0.137	0.001	0.001
0.001	0.001	0.997	0.001
>ATATATATDYAT	25-ATATATATDYAT	12.122280	-9.084430	0	T:7.0(0.69%),B:50.1(0.10%),P:1e-3	Tpos:131.2,Tstd:26.5,Bpos:101.9,Bstd:49.3,StrandBias:0.1,Multiplicity:1.43
0.997	0.001	0.001	0.001
0.148	0.295	0.001	0.556
0.997	0.001	0.001	0.001
0.001	0.001	0.001	0.997
0.883	0.001	0.115	0.001
0.001	0.001	0.001	0.997
0.997	0.001	0.001	0.001
0.001	0.001	0.001	0.997
0.366	0.001	0.265	0.368
0.004	0.444	0.001	0.551
0.601	0.013	0.194	0.192
0.333	0.082	0.001	0.584
>ACTTCCTS	1-ACTTCCTS	6.780156	-165.393455	0	T:394.0(38.70%),B:7433.8(15.40%),P:1e-71	Tpos:103.7,Tstd:55.0,Bpos:100.1,Bstd:59.6,StrandBias:-0.2,Multiplicity:1.23
0.706	0.111	0.181	0.002
0.017	0.708	0.103	0.172
0.137	0.029	0.053	0.781
0.034	0.081	0.018	0.867
0.046	0.918	0.014	0.022
0.020	0.885	0.006	0.089
0.013	0.159	0.133	0.695
0.071	0.317	0.447	0.165
>ATGAGTCA	2-ATGAGTCA	9.612608	-125.583621	0	T:103.0(10.12%),B:650.3(1.35%),P:1e-54	Tpos:104.7,Tstd:49.4,Bpos:96.1,Bstd:60.7,StrandBias:0.1,Multiplicity:1.13
0.682	0.001	0.316	0.001
0.001	0.001	0.001	0.997
0.001	0.001	0.997	0.001
0.979	0.019	0.001	0.001
0.001	0.241	0.757	0.001
0.001	0.001	0.001	0.997
0.001	0.997	0.001	0.001
0.986	0.001	0.012	0.001
>ATGAGTCA	3-ATGAGTCA	6.405137	-105.309375	0	T:223.0(21.91%),B:3673.1(7.61%),P:1e-45	Tpos:108.6,Tstd:53.4,Bpos:98.8,Bstd:64.0,StrandBias:-0.3,Multiplicity:1.11
0.587	0.278	0.098	0.037
0.001	0.048	0.001	0.950
0.031	0.047	0.632	0.290
0.799	0.115	0.001	0.085
0.001	0.317	0.681	0.001
0.001	0.001	0.038	0.960
0.164	0.834	0.001	0.001
0.882	0.001	0.116	0.001
>TTCCGCTT	4-TTCCGCTT	5.031420	-96.127377	0	T:425.0(41.75%),B:10880.2(22.54%),P:1e-41	Tpos:100.1,Tstd:54.7,Bpos:100.6,Bstd:60.5,StrandBias:-0.1,Multiplicity:1.24
0.156	0.225	0.011	0.608
0.098	0.038	0.001	0.863
0.173	0.523	0.226	0.078
0.080	0.787	0.030	0.103
0.001	0.119	0.648	0.232
0.036	0.532	0.263	0.169
0.184	0.148	0.154	0.514
0.039	0.238	0.207	0.516
>TAACCACA	5-TAACCACA	7.970138	-64.649619	0	T:132.0(12.97%),B:2073.7(4.30%),P:1e-28	Tpos:95.1,Tstd:50.8,Bpos:98.4,Bstd:62.6,StrandBias:-0.1,Multiplicity:1.11
0.335	0.001	0.022	0.642
0.683	0.090	0.147	0.080
0.979	0.001	0.012	0.008
0.026	0.972	0.001	0.001
0.001	0.991	0.007	0.001
0.997	0.001	0.001	0.001
0.058	0.917	0.001	0.024
0.997	0.001	0.001	0.001
>GTTAACCA	6-GTTAACCA	5.160000	-38.815045	0	T:338.0(33.20%),B:10457.0(21.66%),P:1e-16	Tpos:98.0,Tstd:56.4,Bpos:100.6,Bstd:62.4,StrandBias:-0.1,Multiplicity:1.23
0.001	0.070	0.718	0.211
0.001	0.001	0.398	0.600
0.085	0.001	0.114	0.800
0.708	0.001	0.001	0.290
0.710	0.001	0.288	0.001
0.150	0.571	0.029	0.250
0.248	0.750	0.001	0.001
0.587	0.131	0.228	0.054
>CCCTGGGG	7-CCCTGGGG	6.093248	-37.958280	0	T:284.0(27.90%),B:8345.9(17.29%),P:1e-16	Tpos:103.4,Tstd:56.4,Bpos:100.2,Bstd:58.3,StrandBias:-0.1,Multiplicity:1.16
0.001	0.969	0.001	0.029
0.001	0.873	0.001	0.125
0.050	0.818	0.015	0.117
0.168	0.001	0.001	0.830
0.027	0.001	0.786	0.186
0.001	0.001	0.975	0.023
0.001	0.066	0.932	0.001
0.001	0.001	0.983	0.015
>CTGTGACG	8-CTGTGACG	7.639287	-28.873976	0	T:58.0(5.70%),B:905.0(1.87%),P:1e-12	Tpos:99.7,Tstd:52.0,Bpos:94.8,Bstd:62.4,StrandBias:-0.1,Multiplicity:1.07
0.114	0.774	0.039	0.073
0.149	0.015	0.001	0.835
0.046	0.138	0.815	0.001
0.021	0.001	0.001	0.977
0.077	0.089	0.833	0.001
0.994	0.001	0.001	0.004
0.001	0.917	0.058	0.024
0.045	0.036	0.878	0.041
>GTCATATG	9-GTCATATG	8.229053	-27.815109	0	T:66.0(6.48%),B:1149.0(2.38%),P:1e-12	Tpos:109.6,Tstd:55.7,Bpos:102.0,Bstd:63.9,StrandBias:0.1,Multiplicity:1.08
0.019	0.017	0.963	0.001
0.001	0.001	0.001	0.997
0.001	0.997	0.001	0.001
0.943	0.034	0.022	0.001
0.001	0.245	0.100	0.654
0.662	0.046	0.223	0.069
0.001	0.038	0.001	0.960
0.001	0.001	0.997	0.001
>AGCCAAGC	10-AGCCAAGC	8.286610	-27.609766	0	T:97.0(9.53%),B:2092.6(4.33%),P:1e-11	Tpos:99.3,Tstd:55.9,Bpos:100.7,Bstd:62.8,StrandBias:0.4,Multiplicity:1.01
0.997	0.001	0.001	0.001
0.001	0.001	0.997	0.001
0.001	0.752	0.001	0.246
0.353	0.645	0.001	0.001
0.847	0.001	0.001	0.151
0.812	0.186	0.001	0.001
0.001	0.001	0.800	0.198
0.001	0.997	0.001	0.001
>AACAGCTG	11-AACAGCTG	5.995366	-25.177731	0	T:394.0(38.70%),B:13948.3(28.90%),P:1e-10	Tpos:102.0,Tstd:55.3,Bpos:99.8,Bstd:63.0,StrandBias:-0.1,Multiplicity:1.28
0.446	0.213	0.268	0.072
0.481	0.275	0.163	0.080
0.031	0.942	0.003	0.024
0.838	0.104	0.057	0.001
0.016	0.145	0.641	0.198
0.211	0.535	0.189	0.065
0.001	0.001	0.095	0.903
0.001	0.022	0.976	0.001
>ATAACAGG	12-ATAACAGG	8.229805	-25.033393	0	T:81.0(7.96%),B:1680.3(3.48%),P:1e-10	Tpos:77.0,Tstd:50.7,Bpos:99.4,Bstd:62.0,StrandBias:1.0,Multiplicity:1.07
0.586	0.001	0.412	0.001
0.001	0.207	0.001	0.791
0.997	0.001	0.001	0.001
0.997	0.001	0.001	0.001
0.001	0.997	0.001	0.001
0.997	0.001	0.001	0.001
0.001	0.001	0.997	0.001
0.202	0.001	0.479	0.318
>GACGCATC	13-GACGCATC	9.814056	-24.163956	0	T:24.0(2.36%),B:203.9(0.42%),P:1e-10	Tpos:81.8,Tstd:63.1,Bpos:101.7,Bstd:66.5,StrandBias:0.5,Multiplicity:1.00
0.001	0.001	0.997	0.001
0.997	0.001	0.001	0.001
0.001	0.997	0.001	0.001
0.001	0.001	0.997	0.001
0.001	0.997	0.001	0.001
0.713	0.285	0.001	0.001
0.001	0.001	0.001	0.997
0.001	0.997	0.001	0.001
>GCCCCACC	14-GCCCCACC	7.943917	-23.707816	0	T:149.0(14.64%),B:4075.3(8.44%),P:1e-10	Tpos:99.2,Tstd:51.7,Bpos:95.4,Bstd:57.9,StrandBias:-0.3,Multiplicity:1.22
0.001	0.001	0.997	0.001
0.001	0.889	0.109	0.001
0.001	0.914	0.001	0.084
0.001	0.997	0.001	0.001
0.118	0.880	0.001	0.001
0.785	0.001	0.213	0.001
0.001	0.870	0.001	0.128
0.001	0.964	0.034	0.001
>CAATCGGG	15-CAATCGGG	8.236954	-22.173878	0	T:11.0(1.08%),B:33.7(0.07%),P:1e-9	Tpos:120.2,Tstd:29.1,Bpos:103.9,Bstd:49.8,StrandBias:1.2,Multiplicity:1.00
0.100	0.700	0.100	0.100
0.700	0.100	0.100	0.100
0.700	0.100	0.100	0.100
0.100	0.100	0.100	0.700
0.100	0.700	0.100	0.100
0.100	0.100	0.700	0.100
0.100	0.100	0.700	0.100
0.100	0.100	0.700	0.100
>ATGCAAAT	16-ATGCAAAT	8.543607	-21.923600	0	T:68.0(6.68%),B:1385.8(2.87%),P:1e-9	Tpos:77.9,Tstd:55.8,Bpos:100.6,Bstd:59.7,StrandBias:0.0,Multiplicity:1.06
0.997	0.001	0.001	0.001
0.001	0.001	0.080	0.918
0.001	0.001	0.997	0.001
0.173	0.825	0.001	0.001
0.997	0.001	0.001	0.001
0.997	0.001	0.001	0.001
0.997	0.001	0.001	0.001
0.105	0.001	0.140	0.754
>YCGCMYAK	17-YCGCMYAK	5.550096	-18.181407	0	T:169.0(16.60%),B:5203.1(10.78%),P:1e-7	Tpos:106.3,Tstd:53.9,Bpos:97.5,Bstd:63.6,StrandBias:-0.3,Multiplicity:1.15
0.072	0.338	0.147	0.442
0.001	0.997	0.001	0.001
0.024	0.001	0.856	0.119
0.001	0.813	0.062	0.124
0.483	0.402	0.021	0.094
0.004	0.319	0.214	0.463
0.866	0.001	0.001	0.132
0.187	0.040	0.411	0.362
>GTAGCGGC	18-GTAGCGGC	9.532205	-11.110670	0	T:17.0(1.67%),B:233.6(0.48%),P:1e-4	Tpos:114.2,Tstd:56.7,Bpos:92.9,Bstd:62.0,StrandBias:0.5,Multiplicity:1.06
0.001	0.001	0.997	0.001
0.001	0.001	0.001	0.997
0.997	0.001	0.001	0.001
0.001	0.001	0.997	0.001
0.001	0.997	0.001	0.001
0.001	0.215	0.783	0.001
0.001	0.001	0.997	0.001
0.001	0.997	0.001	0.001
>AGGAGGGC	19-AGGAGGGC	10.521141	-10.814704	0	T:34.0(3.34%),B:723.1(1.50%),P:1e-4	Tpos:103.9,Tstd:61.4,Bpos:96.3,Bstd:56.8,StrandBias:0.7,Multiplicity:1.00
0.578	0.001	0.420	0.001
0.001	0.001	0.997	0.001
0.001	0.001	0.997	0.001
0.997	0.001	0.001	0.001
0.001	0.001	0.997	0.001
0.001	0.001	0.997	0.001
0.001	0.001	0.997	0.001
0.001	0.997	0.001	0.001
>ATATATAT	20-ATATATAT	8.236954	-3.060921	0	T:6.0(0.59%),B:122.0(0.25%),P:1e-1	Tpos:131.3,Tstd:27.6,Bpos:101.3,Bstd:51.5,StrandBias:0.0,Multiplicity:1.50
0.700	0.100	0.100	0.100
0.100	0.100	0.100	0.700
0.700	0.100	0.100	0.100
0.100	0.100	0.100	0.700
0.700	0.100	0.100	0.100
0.100	0.100	0.100	0.700
0.700	0.100	0.100	0.100
0.100	0.100	0.100	0.700
