>ACTTCCTGTT	1-ACTTCCTGTT	6.861432	-210.128351	0	T:424.0(41.65%),B:7305.7(15.13%),P:1e-91	Tpos:100.0,Tstd:54.1,Bpos:99.7,Bstd:59.7,StrandBias:-0.2,Multiplicity:1.29
0.690	0.022	0.265	0.023
0.001	0.633	0.144	0.222
0.176	0.045	0.023	0.756
0.001	0.066	0.004	0.929
0.001	0.994	0.004	0.001
0.001	0.980	0.001	0.018
0.004	0.145	0.127	0.724
0.013	0.283	0.539	0.165
0.147	0.255	0.115	0.483
0.087	0.198	0.201	0.514
>DATGASTCAC	2-DATGASTCAC	7.844890	-127.288272	0	T:114.0(11.20%),B:811.7(1.68%),P:1e-55	Tpos:106.1,Tstd:50.5,Bpos:95.9,Bstd:60.8,StrandBias:0.1,Multiplicity:1.14
0.277	0.083	0.383	0.256
0.662	0.025	0.248	0.065
0.001	0.001	0.001	0.997
0.024	0.013	0.962	0.001
0.997	0.001	0.001	0.001
0.015	0.474	0.510	0.001
0.032	0.001	0.021	0.946
0.056	0.890	0.018	0.036
0.963	0.010	0.001	0.026
0.029	0.643	0.075	0.253
>GTAACCACAD	3-GTAACCACAD	7.588381	-79.976860	0	T:177.0(17.39%),B:2963.7(6.14%),P:1e-34	Tpos:98.1,Tstd:51.3,Bpos:99.5,Bstd:62.7,StrandBias:-0.1,Multiplicity:1.10
0.114	0.228	0.477	0.181
0.266	0.021	0.001	0.712
0.501	0.160	0.197	0.142
0.997	0.001	0.001	0.001
0.152	0.846	0.001	0.001
0.001	0.997	0.001	0.001
0.997	0.001	0.001	0.001
0.020	0.838	0.033	0.109
0.997	0.001	0.001	0.001
0.349	0.177	0.262	0.212
>STTCCGCTTT	4-STTCCGCTTT	8.126691	-79.815538	0	T:155.0(15.23%),B:2360.0(4.89%),P:1e-34	Tpos:104.6,Tstd:52.5,Bpos:102.8,Bstd:58.8,StrandBias:-0.2,Multiplicity:1.04
0.001	0.539	0.459	0.001
0.001	0.151	0.001	0.847
0.001	0.001	0.001	0.997
0.001	0.907	0.001	0.091
0.001	0.721	0.001	0.277
0.001	0.129	0.644	0.226
0.001	0.615	0.383	0.001
0.063	0.184	0.158	0.595
0.001	0.260	0.001	0.738
0.001	0.188	0.001	0.810
>GCGACCCGAT	5-GCGACCCGAT	11.314177	-46.845362	0	T:10.0(0.98%),B:2.9(0.01%),P:1e-20	Tpos:114.3,Tstd:43.3,Bpos:80.8,Bstd:63.3,StrandBias:-1.2,Multiplicity:1.00
0.001	0.088	0.910	0.001
0.001	0.997	0.001	0.001
0.001	0.001	0.997	0.001
0.910	0.001	0.001	0.088
0.001	0.997	0.001	0.001
0.001	0.997	0.001	0.001
0.001	0.997	0.001	0.001
0.001	0.001	0.997	0.001
0.997	0.001	0.001	0.001
0.001	0.001	0.001	0.997
>TCCCCTGGGG	6-TCCCCTGGGG	7.192616	-41.789426	0	T:132.0(12.97%),B:2698.8(5.59%),P:1e-18	Tpos:103.4,Tstd:56.4,Bpos:98.5,Bstd:56.0,StrandBias:-0.2,Multiplicity:1.10
0.059	0.090	0.093	0.758
0.030	0.861	0.040	0.069
0.027	0.857	0.047	0.069
0.028	0.794	0.078	0.100
0.079	0.729	0.055	0.137
0.129	0.059	0.060	0.752
0.059	0.067	0.790	0.084
0.048	0.051	0.855	0.046
0.058	0.053	0.834	0.055
0.101	0.061	0.775	0.063
>GGGCCCTCCC	7-GGGCCCTCCC	7.040069	-35.234925	0	T:188.0(18.47%),B:4871.0(10.09%),P:1e-15	Tpos:96.0,Tstd:53.9,Bpos:97.9,Bstd:56.6,StrandBias:-0.1,Multiplicity:1.24
0.119	0.074	0.806	0.001
0.108	0.058	0.808	0.026
0.145	0.050	0.655	0.150
0.001	0.718	0.001	0.280
0.001	0.600	0.001	0.398
0.001	0.836	0.001	0.162
0.264	0.159	0.152	0.425
0.263	0.613	0.001	0.123
0.001	0.895	0.001	0.103
0.001	0.997	0.001	0.001
>CAGCTGTCAC	8-CAGCTGTCAC	6.573484	-32.472166	0	T:262.0(25.74%),B:7835.4(16.23%),P:1e-14	Tpos:103.9,Tstd:56.1,Bpos:99.6,Bstd:63.1,StrandBias:-0.2,Multiplicity:1.26
0.066	0.800	0.049	0.085
0.764	0.067	0.089	0.080
0.058	0.069	0.815	0.058
0.069	0.769	0.080	0.082
0.066	0.045	0.055	0.834
0.034	0.061	0.860	0.045
0.049	0.067	0.067	0.817
0.075	0.714	0.125	0.086
0.823	0.045	0.053	0.079
0.054	0.807	0.090	0.049
>ATTTGCATAG	9-ATTTGCATAG	9.470090	-31.212895	0	T:28.0(2.75%),B:206.5(0.43%),P:1e-13	Tpos:83.2,Tstd:53.9,Bpos:97.4,Bstd:59.4,StrandBias:-0.1,Multiplicity:1.00
0.962	0.001	0.001	0.036
0.001	0.001	0.069	0.929
0.001	0.001	0.041	0.957
0.051	0.001	0.001	0.947
0.110	0.031	0.858	0.001
0.001	0.877	0.052	0.070
0.959	0.039	0.001	0.001
0.001	0.001	0.001	0.997
0.798	0.108	0.047	0.047
0.139	0.001	0.736	0.124
>TTCCGCGGGA	10-TTCCGCGGGA	10.296193	-30.186810	0	T:9.0(0.88%),B:7.4(0.02%),P:1e-13	Tpos:70.7,Tstd:48.5,Bpos:98.8,Bstd:69.0,StrandBias:-1.8,Multiplicity:1.00
0.100	0.100	0.100	0.700
0.100	0.100	0.100	0.700
0.100	0.700	0.100	0.100
0.100	0.700	0.100	0.100
0.100	0.100	0.700	0.100
0.100	0.700	0.100	0.100
0.100	0.100	0.700	0.100
0.100	0.100	0.700	0.100
0.100	0.100	0.700	0.100
0.700	0.100	0.100	0.100
>TCTTGGTAAC	11-TCTTGGTAAC	6.778963	-29.902920	0	T:150.0(14.73%),B:3781.5(7.83%),P:1e-12	Tpos:101.2,Tstd:55.0,Bpos:100.0,Bstd:61.4,StrandBias:0.3,Multiplicity:1.10
0.001	0.197	0.137	0.665
0.001	0.846	0.043	0.110
0.070	0.316	0.001	0.613
0.057	0.001	0.175	0.767
0.133	0.001	0.517	0.349
0.136	0.001	0.645	0.218
0.066	0.186	0.043	0.705
0.631	0.233	0.001	0.135
0.997	0.001	0.001	0.001
0.072	0.911	0.016	0.001
>ATTAGTAACA	12-ATTAGTAACA	6.874560	-26.617234	0	T:90.0(8.84%),B:1906.2(3.95%),P:1e-11	Tpos:87.8,Tstd:50.3,Bpos:100.7,Bstd:61.3,StrandBias:0.4,Multiplicity:1.07
0.866	0.132	0.001	0.001
0.219	0.065	0.001	0.715
0.157	0.065	0.167	0.611
0.902	0.096	0.001	0.001
0.064	0.007	0.866	0.063
0.001	0.001	0.021	0.977
0.840	0.038	0.120	0.002
0.957	0.001	0.041	0.001
0.001	0.670	0.175	0.154
0.569	0.276	0.002	0.153
>CGCCACCAAG	13-CGCCACCAAG	10.296193	-26.194075	0	T:9.0(0.88%),B:11.2(0.02%),P:1e-11	Tpos:76.4,Tstd:67.8,Bpos:85.3,Bstd:66.6,StrandBias:1.8,Multiplicity:1.00
0.100	0.700	0.100	0.100
0.100	0.100	0.700	0.100
0.100	0.700	0.100	0.100
0.100	0.700	0.100	0.100
0.700	0.100	0.100	0.100
0.100	0.700	0.100	0.100
0.100	0.700	0.100	0.100
0.700	0.100	0.100	0.100
0.700	0.100	0.100	0.100
0.100	0.100	0.700	0.100
>AAGTCATATG	14-AAGTCATATG	7.906555	-25.500705	0	T:23.0(2.26%),B:173.6(0.36%),P:1e-11	Tpos:126.3,Tstd:53.2,Bpos:108.5,Bstd:59.0,StrandBias:1.0,Multiplicity:1.05
0.471	0.185	0.218	0.125
0.534	0.060	0.211	0.195
0.292	0.059	0.645	0.004
0.048	0.032	0.001	0.919
0.228	0.538	0.040	0.194
0.745	0.054	0.188	0.013
0.042	0.045	0.255	0.658
0.536	0.070	0.201	0.193
0.088	0.153	0.025	0.734
0.064	0.072	0.803	0.061
>GGCGCGGTAG	15-GGCGCGGTAG	11.854666	-25.017395	0	T:8.0(0.79%),B:9.0(0.02%),P:1e-10	Tpos:142.8,Tstd:37.0,Bpos:87.1,Bstd:76.6,StrandBias:-1.6,Multiplicity:1.00
0.001	0.001	0.997	0.001
0.001	0.001	0.997	0.001
0.001	0.887	0.001	0.111
0.001	0.001	0.997	0.001
0.001	0.997	0.001	0.001
0.001	0.001	0.997	0.001
0.001	0.001	0.843	0.155
0.001	0.001	0.001	0.997
0.997	0.001	0.001	0.001
0.001	0.001	0.997	0.001
>CTGTGACGTA	16-CTGTGACGTA	7.022215	-24.778442	0	T:50.0(4.91%),B:787.8(1.63%),P:1e-10	Tpos:84.2,Tstd:45.2,Bpos:98.2,Bstd:60.2,StrandBias:-0.4,Multiplicity:1.03
0.072	0.763	0.132	0.033
0.149	0.047	0.101	0.703
0.101	0.161	0.639	0.099
0.119	0.010	0.094	0.777
0.106	0.076	0.688	0.130
0.775	0.046	0.065	0.114
0.096	0.642	0.119	0.143
0.111	0.136	0.647	0.106
0.090	0.168	0.125	0.617
0.629	0.144	0.126	0.101
>ATCAGGGCGT	17-ATCAGGGCGT	7.583460	-24.453591	0	T:38.0(3.73%),B:494.0(1.02%),P:1e-10	Tpos:93.1,Tstd:52.3,Bpos:103.6,Bstd:59.0,StrandBias:-0.2,Multiplicity:1.08
0.809	0.079	0.087	0.025
0.128	0.044	0.087	0.741
0.059	0.775	0.076	0.090
0.815	0.072	0.066	0.047
0.049	0.011	0.861	0.079
0.145	0.029	0.710	0.116
0.044	0.051	0.890	0.015
0.032	0.806	0.100	0.062
0.034	0.043	0.838	0.085
0.064	0.056	0.116	0.764
>TGTGGTGACA	18-TGTGGTGACA	4.659688	-20.715151	0	T:539.0(52.95%),B:21014.3(43.53%),P:1e-8	Tpos:97.0,Tstd:53.6,Bpos:99.7,Bstd:60.9,StrandBias:-0.1,Multiplicity:1.30
0.092	0.106	0.119	0.683
0.112	0.121	0.677	0.090
0.104	0.111	0.100	0.685
0.106	0.099	0.673	0.122
0.083	0.087	0.712	0.118
0.095	0.051	0.116	0.738
0.082	0.109	0.719	0.090
0.698	0.102	0.109	0.091
0.104	0.753	0.077	0.066
0.661	0.111	0.125	0.103
>GCCACGCCYC	19-GCCACGCCYC	9.012130	-19.982016	0	T:68.0(6.68%),B:1454.1(3.01%),P:1e-8	Tpos:104.8,Tstd:51.4,Bpos:91.5,Bstd:54.7,StrandBias:-0.2,Multiplicity:1.27
0.001	0.053	0.716	0.230
0.059	0.664	0.276	0.001
0.001	0.864	0.127	0.008
0.900	0.098	0.001	0.001
0.187	0.811	0.001	0.001
0.001	0.001	0.842	0.156
0.001	0.938	0.001	0.060
0.001	0.997	0.001	0.001
0.223	0.402	0.001	0.374
0.001	0.997	0.001	0.001
>GTRKTCATAD	20-GTRKTCATAD	7.304255	-19.799844	0	T:36.0(3.54%),B:533.1(1.10%),P:1e-8	Tpos:98.5,Tstd:51.7,Bpos:99.6,Bstd:58.1,StrandBias:0.9,Multiplicity:1.21
0.079	0.035	0.597	0.289
0.070	0.009	0.037	0.884
0.384	0.151	0.454	0.011
0.164	0.072	0.385	0.378
0.033	0.008	0.040	0.919
0.018	0.609	0.056	0.317
0.458	0.226	0.306	0.010
0.074	0.149	0.080	0.697
0.688	0.162	0.012	0.138
0.284	0.035	0.395	0.287
>AGCTGACCAA	21-AGCTGACCAA	10.553967	-17.263268	0	T:14.0(1.38%),B:97.0(0.20%),P:1e-7	Tpos:102.8,Tstd:51.8,Bpos:108.9,Bstd:56.5,StrandBias:0.4,Multiplicity:1.00
0.944	0.001	0.001	0.054
0.001	0.001	0.997	0.001
0.001	0.997	0.001	0.001
0.001	0.001	0.001	0.997
0.001	0.001	0.997	0.001
0.997	0.001	0.001	0.001
0.001	0.997	0.001	0.001
0.001	0.737	0.198	0.064
0.997	0.001	0.001	0.001
0.938	0.001	0.001	0.060
>GCCCTCCYTA	22-GCCCTCCYTA	9.862150	-12.919128	0	T:20.0(1.96%),B:272.2(0.56%),P:1e-5	Tpos:126.3,Tstd:50.5,Bpos:104.5,Bstd:54.5,StrandBias:-0.8,Multiplicity:1.00
0.105	0.001	0.893	0.001
0.014	0.894	0.001	0.091
0.014	0.846	0.139	0.001
0.001	0.859	0.001	0.139
0.001	0.214	0.048	0.737
0.124	0.874	0.001	0.001
0.097	0.901	0.001	0.001
0.001	0.501	0.006	0.492
0.001	0.001	0.001	0.997
0.781	0.001	0.217	0.001
>AGTGATTATA	23-AGTGATTATA	10.531619	-9.870838	0	T:7.0(0.69%),B:44.6(0.09%),P:1e-4	Tpos:83.1,Tstd:72.5,Bpos:92.9,Bstd:61.7,StrandBias:0.4,Multiplicity:1.00
0.997	0.001	0.001	0.001
0.186	0.001	0.812	0.001
0.001	0.001	0.001	0.997
0.287	0.001	0.711	0.001
0.812	0.001	0.186	0.001
0.001	0.001	0.105	0.893
0.001	0.070	0.001	0.928
0.997	0.001	0.001	0.001
0.001	0.001	0.001	0.997
0.792	0.049	0.158	0.001
>CACAAGTCTT	24-CACAAGTCTT	10.296193	-5.304169	0	T:3.0(0.29%),B:16.9(0.03%),P:1e-2	Tpos:116.2,Tstd:56.4,Bpos:102.4,Bstd:66.9,StrandBias:2.3,Multiplicity:3.00
0.100	0.700	0.100	0.100
0.700	0.100	0.100	0.100
0.100	0.700	0.100	0.100
0.700	0.100	0.100	0.100
0.700	0.100	0.100	0.100
0.100	0.100	0.700	0.100
0.100	0.100	0.100	0.700
0.100	0.700	0.100	0.100
0.100	0.100	0.100	0.700
0.100	0.100	0.100	0.700
>ATATATATAT	25-ATATATATAT	9.786831	-4.145734	0	T:6.0(0.59%),B:94.0(0.19%),P:1e-1	Tpos:127.2,Tstd:32.2,Bpos:104.1,Bstd:49.7,StrandBias:0.4,Multiplicity:1.83
0.997	0.001	0.001	0.001
0.001	0.181	0.044	0.774
0.997	0.001	0.001	0.001
0.001	0.021	0.001	0.977
0.951	0.001	0.047	0.001
0.001	0.001	0.001	0.997
0.997	0.001	0.001	0.001
0.001	0.023	0.001	0.975
0.980	0.001	0.001	0.018
0.025	0.056	0.001	0.918
