>ACTTCCTS	1-ACTTCCTS	6.780156	-165.393455	0	T:394.0(38.70%),B:7433.8(15.40%),P:1e-71	Tpos:103.7,Tstd:55.0,Bpos:100.1,Bstd:59.6,StrandBias:-0.2,Multiplicity:1.23
0.706	0.111	0.181	0.002
0.017	0.708	0.103	0.172
0.137	0.029	0.053	0.781
0.034	0.081	0.018	0.867
0.046	0.918	0.014	0.022
0.020	0.885	0.006	0.089
0.013	0.159	0.133	0.695
0.071	0.317	0.447	0.165
>ATGAGTCA	2-ATGAGTCA	9.612608	-125.583621	0	T:103.0(10.12%),B:650.3(1.35%),P:1e-54	Tpos:104.7,Tstd:49.4,Bpos:96.1,Bstd:60.7,StrandBias:0.1,Multiplicity:1.13
0.682	0.001	0.316	0.001
0.001	0.001	0.001	0.997
0.001	0.001	0.997	0.001
0.979	0.019	0.001	0.001
0.001	0.241	0.757	0.001
0.001	0.001	0.001	0.997
0.001	0.997	0.001	0.001
0.986	0.001	0.012	0.001
>ATGAGTCA	3-ATGAGTCA	6.405137	-105.309375	0	T:223.0(21.91%),B:3673.1(7.61%),P:1e-45	Tpos:108.6,Tstd:53.4,Bpos:98.8,Bstd:64.0,StrandBias:-0.3,Multiplicity:1.11
0.587	0.278	0.098	0.037
0.001	0.048	0.001	0.950
0.031	0.047	0.632	0.290
0.799	0.115	0.001	0.085
0.001	0.317	0.681	0.001
0.001	0.001	0.038	0.960
0.164	0.834	0.001	0.001
0.882	0.001	0.116	0.001
>TTCCGCTT	4-TTCCGCTT	5.031420	-96.127377	0	T:425.0(41.75%),B:10880.2(22.54%),P:1e-41	Tpos:100.1,Tstd:54.7,Bpos:100.6,Bstd:60.5,StrandBias:-0.1,Multiplicity:1.24
0.156	0.225	0.011	0.608
0.098	0.038	0.001	0.863
0.173	0.523	0.226	0.078
0.080	0.787	0.030	0.103
0.001	0.119	0.648	0.232
0.036	0.532	0.263	0.169
0.184	0.148	0.154	0.514
0.039	0.238	0.207	0.516
>TAACCACA	5-TAACCACA	7.970138	-64.649619	0	T:132.0(12.97%),B:2073.7(4.30%),P:1e-28	Tpos:95.1,Tstd:50.8,Bpos:98.4,Bstd:62.6,StrandBias:-0.1,Multiplicity:1.11
0.335	0.001	0.022	0.642
0.683	0.090	0.147	0.080
0.979	0.001	0.012	0.008
0.026	0.972	0.001	0.001
0.001	0.991	0.007	0.001
0.997	0.001	0.001	0.001
0.058	0.917	0.001	0.024
0.997	0.001	0.001	0.001
>GTTAACCA	6-GTTAACCA	5.160000	-38.815045	0	T:338.0(33.20%),B:10457.0(21.66%),P:1e-16	Tpos:98.0,Tstd:56.4,Bpos:100.6,Bstd:62.4,StrandBias:-0.1,Multiplicity:1.23
0.001	0.070	0.718	0.211
0.001	0.001	0.398	0.600
0.085	0.001	0.114	0.800
0.708	0.001	0.001	0.290
0.710	0.001	0.288	0.001
0.150	0.571	0.029	0.250
0.248	0.750	0.001	0.001
0.587	0.131	0.228	0.054
>CCCTGGGG	7-CCCTGGGG	6.093248	-37.958280	0	T:284.0(27.90%),B:8345.9(17.29%),P:1e-16	Tpos:103.4,Tstd:56.4,Bpos:100.2,Bstd:58.3,StrandBias:-0.1,Multiplicity:1.16
0.001	0.969	0.001	0.029
0.001	0.873	0.001	0.125
0.050	0.818	0.015	0.117
0.168	0.001	0.001	0.830
0.027	0.001	0.786	0.186
0.001	0.001	0.975	0.023
0.001	0.066	0.932	0.001
0.001	0.001	0.983	0.015
>CTGTGACG	8-CTGTGACG	7.639287	-28.873976	0	T:58.0(5.70%),B:905.0(1.87%),P:1e-12	Tpos:99.7,Tstd:52.0,Bpos:94.8,Bstd:62.4,StrandBias:-0.1,Multiplicity:1.07
0.114	0.774	0.039	0.073
0.149	0.015	0.001	0.835
0.046	0.138	0.815	0.001
0.021	0.001	0.001	0.977
0.077	0.089	0.833	0.001
0.994	0.001	0.001	0.004
0.001	0.917	0.058	0.024
0.045	0.036	0.878	0.041
>GTCATATG	9-GTCATATG	8.229053	-27.815109	0	T:66.0(6.48%),B:1149.0(2.38%),P:1e-12	Tpos:109.6,Tstd:55.7,Bpos:102.0,Bstd:63.9,StrandBias:0.1,Multiplicity:1.08
0.019	0.017	0.963	0.001
0.001	0.001	0.001	0.997
0.001	0.997	0.001	0.001
0.943	0.034	0.022	0.001
0.001	0.245	0.100	0.654
0.662	0.046	0.223	0.069
0.001	0.038	0.001	0.960
0.001	0.001	0.997	0.001
>AGCCAAGC	10-AGCCAAGC	8.286610	-27.609766	0	T:97.0(9.53%),B:2092.6(4.33%),P:1e-11	Tpos:99.3,Tstd:55.9,Bpos:100.7,Bstd:62.8,StrandBias:0.4,Multiplicity:1.01
0.997	0.001	0.001	0.001
0.001	0.001	0.997	0.001
0.001	0.752	0.001	0.246
0.353	0.645	0.001	0.001
0.847	0.001	0.001	0.151
0.812	0.186	0.001	0.001
0.001	0.001	0.800	0.198
0.001	0.997	0.001	0.001
>AACAGCTG	11-AACAGCTG	5.995366	-25.177731	0	T:394.0(38.70%),B:13948.3(28.90%),P:1e-10	Tpos:102.0,Tstd:55.3,Bpos:99.8,Bstd:63.0,StrandBias:-0.1,Multiplicity:1.28
0.446	0.213	0.268	0.072
0.481	0.275	0.163	0.080
0.031	0.942	0.003	0.024
0.838	0.104	0.057	0.001
0.016	0.145	0.641	0.198
0.211	0.535	0.189	0.065
0.001	0.001	0.095	0.903
0.001	0.022	0.976	0.001
>ATAACAGG	12-ATAACAGG	8.229805	-25.033393	0	T:81.0(7.96%),B:1680.3(3.48%),P:1e-10	Tpos:77.0,Tstd:50.7,Bpos:99.4,Bstd:62.0,StrandBias:1.0,Multiplicity:1.07
0.586	0.001	0.412	0.001
0.001	0.207	0.001	0.791
0.997	0.001	0.001	0.001
0.997	0.001	0.001	0.001
0.001	0.997	0.001	0.001
0.997	0.001	0.001	0.001
0.001	0.001	0.997	0.001
0.202	0.001	0.479	0.318
>GACGCATC	13-GACGCATC	9.814056	-24.163956	0	T:24.0(2.36%),B:203.9(0.42%),P:1e-10	Tpos:81.8,Tstd:63.1,Bpos:101.7,Bstd:66.5,StrandBias:0.5,Multiplicity:1.00
0.001	0.001	0.997	0.001
0.997	0.001	0.001	0.001
0.001	0.997	0.001	0.001
0.001	0.001	0.997	0.001
0.001	0.997	0.001	0.001
0.713	0.285	0.001	0.001
0.001	0.001	0.001	0.997
0.001	0.997	0.001	0.001
>GCCCCACC	14-GCCCCACC	7.943917	-23.707816	0	T:149.0(14.64%),B:4075.3(8.44%),P:1e-10	Tpos:99.2,Tstd:51.7,Bpos:95.4,Bstd:57.9,StrandBias:-0.3,Multiplicity:1.22
0.001	0.001	0.997	0.001
0.001	0.889	0.109	0.001
0.001	0.914	0.001	0.084
0.001	0.997	0.001	0.001
0.118	0.880	0.001	0.001
0.785	0.001	0.213	0.001
0.001	0.870	0.001	0.128
0.001	0.964	0.034	0.001
>CAATCGGG	15-CAATCGGG	8.236954	-22.173878	0	T:11.0(1.08%),B:33.7(0.07%),P:1e-9	Tpos:120.2,Tstd:29.1,Bpos:103.9,Bstd:49.8,StrandBias:1.2,Multiplicity:1.00
0.100	0.700	0.100	0.100
0.700	0.100	0.100	0.100
0.700	0.100	0.100	0.100
0.100	0.100	0.100	0.700
0.100	0.700	0.100	0.100
0.100	0.100	0.700	0.100
0.100	0.100	0.700	0.100
0.100	0.100	0.700	0.100
>ATGCAAAT	16-ATGCAAAT	8.543607	-21.923600	0	T:68.0(6.68%),B:1385.8(2.87%),P:1e-9	Tpos:77.9,Tstd:55.8,Bpos:100.6,Bstd:59.7,StrandBias:0.0,Multiplicity:1.06
0.997	0.001	0.001	0.001
0.001	0.001	0.080	0.918
0.001	0.001	0.997	0.001
0.173	0.825	0.001	0.001
0.997	0.001	0.001	0.001
0.997	0.001	0.001	0.001
0.997	0.001	0.001	0.001
0.105	0.001	0.140	0.754
>YCGCMYAK	17-YCGCMYAK	5.550096	-18.181407	0	T:169.0(16.60%),B:5203.1(10.78%),P:1e-7	Tpos:106.3,Tstd:53.9,Bpos:97.5,Bstd:63.6,StrandBias:-0.3,Multiplicity:1.15
0.072	0.338	0.147	0.442
0.001	0.997	0.001	0.001
0.024	0.001	0.856	0.119
0.001	0.813	0.062	0.124
0.483	0.402	0.021	0.094
0.004	0.319	0.214	0.463
0.866	0.001	0.001	0.132
0.187	0.040	0.411	0.362
>GTAGCGGC	18-GTAGCGGC	9.532205	-11.110670	0	T:17.0(1.67%),B:233.6(0.48%),P:1e-4	Tpos:114.2,Tstd:56.7,Bpos:92.9,Bstd:62.0,StrandBias:0.5,Multiplicity:1.06
0.001	0.001	0.997	0.001
0.001	0.001	0.001	0.997
0.997	0.001	0.001	0.001
0.001	0.001	0.997	0.001
0.001	0.997	0.001	0.001
0.001	0.215	0.783	0.001
0.001	0.001	0.997	0.001
0.001	0.997	0.001	0.001
>AGGAGGGC	19-AGGAGGGC	10.521141	-10.814704	0	T:34.0(3.34%),B:723.1(1.50%),P:1e-4	Tpos:103.9,Tstd:61.4,Bpos:96.3,Bstd:56.8,StrandBias:0.7,Multiplicity:1.00
0.578	0.001	0.420	0.001
0.001	0.001	0.997	0.001
0.001	0.001	0.997	0.001
0.997	0.001	0.001	0.001
0.001	0.001	0.997	0.001
0.001	0.001	0.997	0.001
0.001	0.001	0.997	0.001
0.001	0.997	0.001	0.001
>ATATATAT	20-ATATATAT	8.236954	-3.060921	0	T:6.0(0.59%),B:122.0(0.25%),P:1e-1	Tpos:131.3,Tstd:27.6,Bpos:101.3,Bstd:51.5,StrandBias:0.0,Multiplicity:1.50
0.700	0.100	0.100	0.100
0.100	0.100	0.100	0.700
0.700	0.100	0.100	0.100
0.100	0.100	0.100	0.700
0.700	0.100	0.100	0.100
0.100	0.100	0.100	0.700
0.700	0.100	0.100	0.100
0.100	0.100	0.100	0.700
