>CGCATGCGCA	1-CGCATGCGCA	9.118112	-208.514128	0	T:251.0(22.27%),B:2167.4(4.86%),P:1e-90	Tpos:95.7,Tstd:52.5,Bpos:87.2,Bstd:72.8,StrandBias:0.0,Multiplicity:1.32
0.001	0.986	0.011	0.002
0.064	0.001	0.933	0.002
0.001	0.997	0.001	0.001
0.699	0.200	0.064	0.037
0.050	0.046	0.155	0.749
0.001	0.001	0.997	0.001
0.004	0.984	0.001	0.011
0.001	0.001	0.972	0.026
0.001	0.962	0.001	0.036
0.835	0.063	0.069	0.033
>GCCMCGCCYA	2-GCCMCGCCYA	7.145505	-166.450849	0	T:447.0(39.66%),B:7554.2(16.93%),P:1e-72	Tpos:101.5,Tstd:55.0,Bpos:84.2,Bstd:64.4,StrandBias:0.1,Multiplicity:1.75
0.324	0.077	0.499	0.100
0.022	0.563	0.113	0.302
0.053	0.596	0.019	0.332
0.402	0.513	0.039	0.046
0.078	0.789	0.051	0.082
0.132	0.061	0.701	0.106
0.073	0.828	0.041	0.058
0.034	0.876	0.042	0.048
0.025	0.524	0.034	0.417
0.454	0.204	0.051	0.291
>TRCGCAGGCG	3-TRCGCAGGCG	7.769514	-164.347001	0	T:293.0(26.00%),B:3614.9(8.10%),P:1e-71	Tpos:100.3,Tstd:49.8,Bpos:98.3,Bstd:76.4,StrandBias:-0.4,Multiplicity:1.12
0.068	0.197	0.071	0.664
0.478	0.030	0.491	0.001
0.065	0.758	0.053	0.124
0.001	0.001	0.955	0.043
0.001	0.749	0.172	0.078
0.980	0.001	0.014	0.005
0.108	0.243	0.463	0.185
0.131	0.291	0.548	0.030
0.001	0.719	0.208	0.072
0.001	0.210	0.686	0.103
>NRTCACGTGA	4-NRTCACGTGA	5.656916	-80.865326	0	T:204.0(18.10%),B:3093.4(6.93%),P:1e-35	Tpos:99.5,Tstd:50.6,Bpos:89.7,Bstd:70.9,StrandBias:-0.0,Multiplicity:1.28
0.278	0.226	0.254	0.243
0.369	0.216	0.330	0.085
0.131	0.117	0.113	0.639
0.106	0.533	0.269	0.092
0.460	0.158	0.193	0.189
0.006	0.895	0.059	0.040
0.092	0.021	0.886	0.001
0.238	0.217	0.054	0.491
0.098	0.288	0.605	0.009
0.693	0.093	0.119	0.095
>TDCCGGAAAC	5-TDCCGGAAAC	5.907008	-63.848565	0	T:299.0(26.53%),B:6243.7(13.99%),P:1e-27	Tpos:100.4,Tstd:54.6,Bpos:97.8,Bstd:71.0,StrandBias:-0.0,Multiplicity:1.15
0.152	0.153	0.122	0.573
0.342	0.157	0.255	0.246
0.119	0.587	0.190	0.104
0.086	0.725	0.143	0.046
0.006	0.027	0.905	0.062
0.142	0.019	0.812	0.027
0.867	0.083	0.049	0.001
0.845	0.001	0.153	0.001
0.745	0.041	0.140	0.074
0.199	0.605	0.169	0.027
>ACTTCCGGTT	6-ACTTCCGGTT	6.598874	-54.525193	0	T:204.0(18.10%),B:3802.8(8.52%),P:1e-23	Tpos:103.0,Tstd:53.5,Bpos:94.7,Bstd:66.3,StrandBias:-0.0,Multiplicity:1.18
0.738	0.051	0.125	0.086
0.047	0.818	0.075	0.060
0.077	0.023	0.043	0.857
0.010	0.017	0.037	0.936
0.044	0.820	0.073	0.063
0.050	0.815	0.080	0.055
0.073	0.079	0.704	0.144
0.006	0.137	0.789	0.068
0.043	0.073	0.087	0.797
0.042	0.149	0.079	0.730
>TAAGATGGCG	7-TAAGATGGCG	6.903248	-45.439756	0	T:148.0(13.13%),B:2559.5(5.74%),P:1e-19	Tpos:99.1,Tstd:54.1,Bpos:104.0,Bstd:65.5,StrandBias:0.3,Multiplicity:1.06
0.043	0.125	0.055	0.777
0.807	0.056	0.067	0.070
0.788	0.095	0.071	0.046
0.067	0.049	0.818	0.066
0.740	0.076	0.120	0.064
0.067	0.083	0.106	0.744
0.001	0.059	0.909	0.031
0.051	0.045	0.870	0.034
0.048	0.808	0.058	0.086
0.093	0.049	0.744	0.114
>TTAGGCTTCG	8-TTAGGCTTCG	5.704878	-45.118886	0	T:103.0(9.14%),B:1447.5(3.24%),P:1e-19	Tpos:103.0,Tstd:52.3,Bpos:101.0,Bstd:69.6,StrandBias:0.3,Multiplicity:1.03
0.039	0.198	0.279	0.484
0.198	0.164	0.192	0.446
0.633	0.124	0.217	0.026
0.129	0.141	0.461	0.269
0.014	0.295	0.669	0.022
0.219	0.466	0.213	0.102
0.021	0.112	0.200	0.667
0.235	0.218	0.161	0.386
0.016	0.679	0.279	0.026
0.324	0.131	0.529	0.016
>THTCGCGAGA	9-THTCGCGAGA	7.308626	-37.902158	0	T:90.0(7.99%),B:1298.5(2.91%),P:1e-16	Tpos:107.8,Tstd:57.3,Bpos:99.5,Bstd:72.3,StrandBias:0.8,Multiplicity:1.08
0.084	0.001	0.047	0.868
0.291	0.369	0.034	0.306
0.070	0.219	0.217	0.494
0.065	0.565	0.200	0.170
0.001	0.015	0.969	0.015
0.014	0.984	0.001	0.001
0.001	0.212	0.677	0.110
0.725	0.068	0.206	0.001
0.001	0.001	0.893	0.105
0.534	0.001	0.203	0.262
>GRTTCCGCCC	10-GRTTCCGCCC	8.620072	-37.577944	0	T:137.0(12.16%),B:2502.8(5.61%),P:1e-16	Tpos:103.3,Tstd:56.8,Bpos:90.9,Bstd:67.2,StrandBias:-0.3,Multiplicity:1.06
0.123	0.028	0.848	0.001
0.344	0.093	0.380	0.183
0.001	0.333	0.001	0.665
0.320	0.001	0.029	0.650
0.139	0.718	0.078	0.065
0.001	0.889	0.011	0.099
0.239	0.030	0.566	0.165
0.021	0.977	0.001	0.001
0.001	0.982	0.001	0.016
0.001	0.983	0.001	0.015
>AGTCGTAAAG	11-AGTCGTAAAG	6.710613	-29.427606	0	T:93.0(8.25%),B:1583.2(3.55%),P:1e-12	Tpos:86.1,Tstd:48.0,Bpos:96.8,Bstd:73.4,StrandBias:-0.3,Multiplicity:1.09
0.773	0.065	0.122	0.040
0.081	0.061	0.823	0.035
0.090	0.102	0.047	0.761
0.086	0.777	0.109	0.028
0.056	0.078	0.806	0.060
0.078	0.077	0.116	0.729
0.838	0.072	0.055	0.035
0.811	0.071	0.056	0.062
0.842	0.020	0.118	0.020
0.083	0.052	0.845	0.020
>GCATTCTGGG	12-GCATTCTGGG	7.192905	-26.197354	0	T:105.0(9.32%),B:2005.9(4.50%),P:1e-11	Tpos:112.2,Tstd:53.3,Bpos:98.2,Bstd:62.3,StrandBias:0.7,Multiplicity:1.02
0.041	0.076	0.853	0.030
0.066	0.755	0.077	0.102
0.831	0.089	0.031	0.049
0.096	0.100	0.074	0.730
0.038	0.049	0.093	0.820
0.068	0.844	0.041	0.047
0.058	0.108	0.029	0.805
0.073	0.091	0.786	0.050
0.057	0.067	0.824	0.052
0.083	0.100	0.762	0.055
>ATGACGTAAG	13-ATGACGTAAG	10.000372	-26.158073	0	T:18.0(1.60%),B:78.2(0.18%),P:1e-11	Tpos:111.3,Tstd:57.1,Bpos:84.8,Bstd:68.3,StrandBias:0.4,Multiplicity:1.00
0.946	0.001	0.052	0.001
0.001	0.001	0.100	0.898
0.001	0.001	0.997	0.001
0.997	0.001	0.001	0.001
0.001	0.952	0.046	0.001
0.122	0.001	0.876	0.001
0.123	0.047	0.001	0.829
0.997	0.001	0.001	0.001
0.801	0.045	0.066	0.088
0.178	0.001	0.820	0.001
>GAACCGTACT	14-GAACCGTACT	10.296193	-23.209994	0	T:5.0(0.44%),B:0.0(0.00%),P:1e-10	Tpos:89.2,Tstd:26.1,Bpos:0.0,Bstd:0.0,StrandBias:-0.6,Multiplicity:1.00
0.100	0.100	0.700	0.100
0.700	0.100	0.100	0.100
0.700	0.100	0.100	0.100
0.100	0.700	0.100	0.100
0.100	0.700	0.100	0.100
0.100	0.100	0.700	0.100
0.100	0.100	0.100	0.700
0.700	0.100	0.100	0.100
0.100	0.700	0.100	0.100
0.100	0.100	0.100	0.700
>TATGCTAGCG	15-TATGCTAGCG	7.052999	-22.961831	0	T:67.0(5.94%),B:1100.3(2.47%),P:1e-9	Tpos:101.4,Tstd:57.9,Bpos:98.8,Bstd:68.9,StrandBias:-0.3,Multiplicity:1.02
0.029	0.018	0.207	0.746
0.673	0.117	0.012	0.198
0.001	0.056	0.066	0.877
0.001	0.114	0.743	0.142
0.001	0.884	0.048	0.067
0.163	0.053	0.020	0.764
0.651	0.037	0.097	0.215
0.001	0.001	0.997	0.001
0.040	0.922	0.037	0.001
0.176	0.074	0.749	0.001
>ACCGCTAGTC	16-ACCGCTAGTC	7.818329	-19.855508	0	T:32.0(2.84%),B:361.6(0.81%),P:1e-8	Tpos:99.8,Tstd:61.9,Bpos:90.3,Bstd:71.4,StrandBias:-0.1,Multiplicity:1.00
0.727	0.056	0.001	0.216
0.001	0.669	0.236	0.094
0.001	0.903	0.094	0.002
0.116	0.001	0.848	0.035
0.094	0.734	0.001	0.171
0.001	0.001	0.001	0.997
0.807	0.191	0.001	0.001
0.001	0.001	0.997	0.001
0.320	0.001	0.001	0.678
0.064	0.695	0.034	0.207
>GGTGGAGCTA	17-GGTGGAGCTA	10.871184	-19.200512	0	T:13.0(1.15%),B:57.4(0.13%),P:1e-8	Tpos:109.9,Tstd:54.7,Bpos:97.9,Bstd:73.0,StrandBias:-0.7,Multiplicity:1.00
0.001	0.001	0.876	0.122
0.001	0.001	0.997	0.001
0.001	0.001	0.070	0.928
0.001	0.001	0.997	0.001
0.079	0.001	0.919	0.001
0.997	0.001	0.001	0.001
0.001	0.001	0.997	0.001
0.091	0.907	0.001	0.001
0.001	0.001	0.001	0.997
0.997	0.001	0.001	0.001
>GKAAACGTGC	18-GKAAACGTGC	10.131193	-18.997460	0	T:13.0(1.15%),B:58.7(0.13%),P:1e-8	Tpos:110.0,Tstd:58.0,Bpos:91.2,Bstd:59.8,StrandBias:1.6,Multiplicity:1.00
0.001	0.001	0.997	0.001
0.203	0.001	0.414	0.382
0.997	0.001	0.001	0.001
0.997	0.001	0.001	0.001
0.912	0.001	0.086	0.001
0.001	0.997	0.001	0.001
0.001	0.001	0.997	0.001
0.001	0.001	0.001	0.997
0.001	0.001	0.687	0.311
0.001	0.997	0.001	0.001
>TCGCAAACCT	19-TCGCAAACCT	11.326465	-17.917644	0	T:4.0(0.35%),B:0.6(0.00%),P:1e-7	Tpos:92.8,Tstd:60.8,Bpos:15.0,Bstd:0.0,StrandBias:1.6,Multiplicity:1.00
0.159	0.001	0.001	0.839
0.001	0.997	0.001	0.001
0.001	0.001	0.997	0.001
0.160	0.520	0.001	0.319
0.521	0.001	0.159	0.319
0.839	0.001	0.001	0.159
0.661	0.001	0.319	0.019
0.001	0.997	0.001	0.001
0.019	0.957	0.005	0.019
0.178	0.159	0.001	0.662
>TCATVATCAK	20-TCATVATCAK	8.208291	-15.994584	0	T:14.0(1.24%),B:89.4(0.20%),P:1e-6	Tpos:78.5,Tstd:53.5,Bpos:91.9,Bstd:66.5,StrandBias:1.6,Multiplicity:1.00
0.042	0.051	0.098	0.809
0.300	0.593	0.080	0.027
0.588	0.020	0.364	0.028
0.045	0.076	0.063	0.816
0.377	0.285	0.299	0.039
0.828	0.023	0.108	0.041
0.204	0.065	0.074	0.657
0.058	0.698	0.169	0.075
0.476	0.173	0.076	0.275
0.022	0.045	0.477	0.456
>ATTGRGTSCA	21-ATTGRGTSCA	8.802582	-14.948986	0	T:17.0(1.51%),B:145.4(0.33%),P:1e-6	Tpos:98.2,Tstd:55.2,Bpos:94.2,Bstd:73.1,StrandBias:0.1,Multiplicity:1.24
0.719	0.129	0.151	0.001
0.059	0.055	0.026	0.860
0.225	0.071	0.088	0.616
0.001	0.001	0.968	0.030
0.379	0.048	0.519	0.054
0.059	0.256	0.606	0.079
0.029	0.001	0.160	0.810
0.216	0.319	0.376	0.089
0.257	0.741	0.001	0.001
0.957	0.001	0.041	0.001
>GGTAGGATTT	22-GGTAGGATTT	10.296193	-13.605888	0	T:5.0(0.44%),B:7.6(0.02%),P:1e-5	Tpos:54.4,Tstd:27.6,Bpos:109.1,Bstd:75.7,StrandBias:-2.0,Multiplicity:1.00
0.100	0.100	0.700	0.100
0.100	0.100	0.700	0.100
0.100	0.100	0.100	0.700
0.700	0.100	0.100	0.100
0.100	0.100	0.700	0.100
0.100	0.100	0.700	0.100
0.700	0.100	0.100	0.100
0.100	0.100	0.100	0.700
0.100	0.100	0.100	0.700
0.100	0.100	0.100	0.700
>CGARAGGATA	23-CGARAGGATA	8.174606	-12.554199	0	T:15.0(1.33%),B:137.9(0.31%),P:1e-5	Tpos:127.9,Tstd:49.9,Bpos:108.2,Bstd:65.5,StrandBias:-0.5,Multiplicity:1.21
0.001	0.997	0.001	0.001
0.001	0.001	0.997	0.001
0.997	0.001	0.001	0.001
0.343	0.193	0.463	0.001
0.997	0.001	0.001	0.001
0.001	0.001	0.997	0.001
0.001	0.001	0.664	0.334
0.997	0.001	0.001	0.001
0.001	0.046	0.001	0.952
0.669	0.001	0.329	0.001
>TTAATATGGA	24-TTAATATGGA	11.927532	-11.560238	0	T:4.0(0.35%),B:5.8(0.01%),P:1e-5	Tpos:94.5,Tstd:38.2,Bpos:83.4,Bstd:64.0,StrandBias:-2.3,Multiplicity:1.50
0.001	0.001	0.001	0.997
0.001	0.001	0.001	0.997
0.997	0.001	0.001	0.001
0.997	0.001	0.001	0.001
0.001	0.001	0.001	0.997
0.997	0.001	0.001	0.001
0.001	0.001	0.181	0.817
0.001	0.001	0.997	0.001
0.001	0.001	0.997	0.001
0.817	0.001	0.001	0.181
>AGCAACGGAT	25-AGCAACGGAT	10.296193	-3.691126	0	T:1.0(0.09%),B:1.0(0.00%),P:1e-1	Tpos:88.5,Tstd:52.9,Bpos:75.3,Bstd:2.1,StrandBias:10.0,Multiplicity:6.00
0.700	0.100	0.100	0.100
0.100	0.100	0.700	0.100
0.100	0.700	0.100	0.100
0.700	0.100	0.100	0.100
0.700	0.100	0.100	0.100
0.100	0.700	0.100	0.100
0.100	0.100	0.700	0.100
0.100	0.100	0.700	0.100
0.700	0.100	0.100	0.100
0.100	0.100	0.100	0.700
