>CGCATGCGCA	1-CGCATGCGCA	9.118112	-208.514128	0	T:251.0(22.27%),B:2167.4(4.86%),P:1e-90	Tpos:95.7,Tstd:52.5,Bpos:87.2,Bstd:72.8,StrandBias:0.0,Multiplicity:1.32
0.001	0.986	0.011	0.002
0.064	0.001	0.933	0.002
0.001	0.997	0.001	0.001
0.699	0.200	0.064	0.037
0.050	0.046	0.155	0.749
0.001	0.001	0.997	0.001
0.004	0.984	0.001	0.011
0.001	0.001	0.972	0.026
0.001	0.962	0.001	0.036
0.835	0.063	0.069	0.033
>GCCMCGCCYA	2-GCCMCGCCYA	7.145505	-166.450849	0	T:447.0(39.66%),B:7554.2(16.93%),P:1e-72	Tpos:101.5,Tstd:55.0,Bpos:84.2,Bstd:64.4,StrandBias:0.1,Multiplicity:1.75
0.324	0.077	0.499	0.100
0.022	0.563	0.113	0.302
0.053	0.596	0.019	0.332
0.402	0.513	0.039	0.046
0.078	0.789	0.051	0.082
0.132	0.061	0.701	0.106
0.073	0.828	0.041	0.058
0.034	0.876	0.042	0.048
0.025	0.524	0.034	0.417
0.454	0.204	0.051	0.291
>TRCGCAGGCG	3-TRCGCAGGCG	7.769514	-164.347001	0	T:293.0(26.00%),B:3614.9(8.10%),P:1e-71	Tpos:100.3,Tstd:49.8,Bpos:98.3,Bstd:76.4,StrandBias:-0.4,Multiplicity:1.12
0.068	0.197	0.071	0.664
0.478	0.030	0.491	0.001
0.065	0.758	0.053	0.124
0.001	0.001	0.955	0.043
0.001	0.749	0.172	0.078
0.980	0.001	0.014	0.005
0.108	0.243	0.463	0.185
0.131	0.291	0.548	0.030
0.001	0.719	0.208	0.072
0.001	0.210	0.686	0.103
>NRTCACGTGA	4-NRTCACGTGA	5.656916	-80.865326	0	T:204.0(18.10%),B:3093.4(6.93%),P:1e-35	Tpos:99.5,Tstd:50.6,Bpos:89.7,Bstd:70.9,StrandBias:-0.0,Multiplicity:1.28
0.278	0.226	0.254	0.243
0.369	0.216	0.330	0.085
0.131	0.117	0.113	0.639
0.106	0.533	0.269	0.092
0.460	0.158	0.193	0.189
0.006	0.895	0.059	0.040
0.092	0.021	0.886	0.001
0.238	0.217	0.054	0.491
0.098	0.288	0.605	0.009
0.693	0.093	0.119	0.095
>TDCCGGAAAC	5-TDCCGGAAAC	5.907008	-63.848565	0	T:299.0(26.53%),B:6243.7(13.99%),P:1e-27	Tpos:100.4,Tstd:54.6,Bpos:97.8,Bstd:71.0,StrandBias:-0.0,Multiplicity:1.15
0.152	0.153	0.122	0.573
0.342	0.157	0.255	0.246
0.119	0.587	0.190	0.104
0.086	0.725	0.143	0.046
0.006	0.027	0.905	0.062
0.142	0.019	0.812	0.027
0.867	0.083	0.049	0.001
0.845	0.001	0.153	0.001
0.745	0.041	0.140	0.074
0.199	0.605	0.169	0.027
>ACTTCCGGTT	6-ACTTCCGGTT	6.598874	-54.525193	0	T:204.0(18.10%),B:3802.8(8.52%),P:1e-23	Tpos:103.0,Tstd:53.5,Bpos:94.7,Bstd:66.3,StrandBias:-0.0,Multiplicity:1.18
0.738	0.051	0.125	0.086
0.047	0.818	0.075	0.060
0.077	0.023	0.043	0.857
0.010	0.017	0.037	0.936
0.044	0.820	0.073	0.063
0.050	0.815	0.080	0.055
0.073	0.079	0.704	0.144
0.006	0.137	0.789	0.068
0.043	0.073	0.087	0.797
0.042	0.149	0.079	0.730
>TAAGATGGCG	7-TAAGATGGCG	6.903248	-45.439756	0	T:148.0(13.13%),B:2559.5(5.74%),P:1e-19	Tpos:99.1,Tstd:54.1,Bpos:104.0,Bstd:65.5,StrandBias:0.3,Multiplicity:1.06
0.043	0.125	0.055	0.777
0.807	0.056	0.067	0.070
0.788	0.095	0.071	0.046
0.067	0.049	0.818	0.066
0.740	0.076	0.120	0.064
0.067	0.083	0.106	0.744
0.001	0.059	0.909	0.031
0.051	0.045	0.870	0.034
0.048	0.808	0.058	0.086
0.093	0.049	0.744	0.114
>TTAGGCTTCG	8-TTAGGCTTCG	5.704878	-45.118886	0	T:103.0(9.14%),B:1447.5(3.24%),P:1e-19	Tpos:103.0,Tstd:52.3,Bpos:101.0,Bstd:69.6,StrandBias:0.3,Multiplicity:1.03
0.039	0.198	0.279	0.484
0.198	0.164	0.192	0.446
0.633	0.124	0.217	0.026
0.129	0.141	0.461	0.269
0.014	0.295	0.669	0.022
0.219	0.466	0.213	0.102
0.021	0.112	0.200	0.667
0.235	0.218	0.161	0.386
0.016	0.679	0.279	0.026
0.324	0.131	0.529	0.016
>THTCGCGAGA	9-THTCGCGAGA	7.308626	-37.902158	0	T:90.0(7.99%),B:1298.5(2.91%),P:1e-16	Tpos:107.8,Tstd:57.3,Bpos:99.5,Bstd:72.3,StrandBias:0.8,Multiplicity:1.08
0.084	0.001	0.047	0.868
0.291	0.369	0.034	0.306
0.070	0.219	0.217	0.494
0.065	0.565	0.200	0.170
0.001	0.015	0.969	0.015
0.014	0.984	0.001	0.001
0.001	0.212	0.677	0.110
0.725	0.068	0.206	0.001
0.001	0.001	0.893	0.105
0.534	0.001	0.203	0.262
>GRTTCCGCCC	10-GRTTCCGCCC	8.620072	-37.577944	0	T:137.0(12.16%),B:2502.8(5.61%),P:1e-16	Tpos:103.3,Tstd:56.8,Bpos:90.9,Bstd:67.2,StrandBias:-0.3,Multiplicity:1.06
0.123	0.028	0.848	0.001
0.344	0.093	0.380	0.183
0.001	0.333	0.001	0.665
0.320	0.001	0.029	0.650
0.139	0.718	0.078	0.065
0.001	0.889	0.011	0.099
0.239	0.030	0.566	0.165
0.021	0.977	0.001	0.001
0.001	0.982	0.001	0.016
0.001	0.983	0.001	0.015
>AGTCGTAAAG	11-AGTCGTAAAG	6.710613	-29.427606	0	T:93.0(8.25%),B:1583.2(3.55%),P:1e-12	Tpos:86.1,Tstd:48.0,Bpos:96.8,Bstd:73.4,StrandBias:-0.3,Multiplicity:1.09
0.773	0.065	0.122	0.040
0.081	0.061	0.823	0.035
0.090	0.102	0.047	0.761
0.086	0.777	0.109	0.028
0.056	0.078	0.806	0.060
0.078	0.077	0.116	0.729
0.838	0.072	0.055	0.035
0.811	0.071	0.056	0.062
0.842	0.020	0.118	0.020
0.083	0.052	0.845	0.020
>GCATTCTGGG	12-GCATTCTGGG	7.192905	-26.197354	0	T:105.0(9.32%),B:2005.9(4.50%),P:1e-11	Tpos:112.2,Tstd:53.3,Bpos:98.2,Bstd:62.3,StrandBias:0.7,Multiplicity:1.02
0.041	0.076	0.853	0.030
0.066	0.755	0.077	0.102
0.831	0.089	0.031	0.049
0.096	0.100	0.074	0.730
0.038	0.049	0.093	0.820
0.068	0.844	0.041	0.047
0.058	0.108	0.029	0.805
0.073	0.091	0.786	0.050
0.057	0.067	0.824	0.052
0.083	0.100	0.762	0.055
>ATGACGTAAG	13-ATGACGTAAG	10.000372	-26.158073	0	T:18.0(1.60%),B:78.2(0.18%),P:1e-11	Tpos:111.3,Tstd:57.1,Bpos:84.8,Bstd:68.3,StrandBias:0.4,Multiplicity:1.00
0.946	0.001	0.052	0.001
0.001	0.001	0.100	0.898
0.001	0.001	0.997	0.001
0.997	0.001	0.001	0.001
0.001	0.952	0.046	0.001
0.122	0.001	0.876	0.001
0.123	0.047	0.001	0.829
0.997	0.001	0.001	0.001
0.801	0.045	0.066	0.088
0.178	0.001	0.820	0.001
>GAACCGTACT	14-GAACCGTACT	10.296193	-23.209994	0	T:5.0(0.44%),B:0.0(0.00%),P:1e-10	Tpos:89.2,Tstd:26.1,Bpos:0.0,Bstd:0.0,StrandBias:-0.6,Multiplicity:1.00
0.100	0.100	0.700	0.100
0.700	0.100	0.100	0.100
0.700	0.100	0.100	0.100
0.100	0.700	0.100	0.100
0.100	0.700	0.100	0.100
0.100	0.100	0.700	0.100
0.100	0.100	0.100	0.700
0.700	0.100	0.100	0.100
0.100	0.700	0.100	0.100
0.100	0.100	0.100	0.700
>TATGCTAGCG	15-TATGCTAGCG	7.052999	-22.961831	0	T:67.0(5.94%),B:1100.3(2.47%),P:1e-9	Tpos:101.4,Tstd:57.9,Bpos:98.8,Bstd:68.9,StrandBias:-0.3,Multiplicity:1.02
0.029	0.018	0.207	0.746
0.673	0.117	0.012	0.198
0.001	0.056	0.066	0.877
0.001	0.114	0.743	0.142
0.001	0.884	0.048	0.067
0.163	0.053	0.020	0.764
0.651	0.037	0.097	0.215
0.001	0.001	0.997	0.001
0.040	0.922	0.037	0.001
0.176	0.074	0.749	0.001
>ACCGCTAGTC	16-ACCGCTAGTC	7.818329	-19.855508	0	T:32.0(2.84%),B:361.6(0.81%),P:1e-8	Tpos:99.8,Tstd:61.9,Bpos:90.3,Bstd:71.4,StrandBias:-0.1,Multiplicity:1.00
0.727	0.056	0.001	0.216
0.001	0.669	0.236	0.094
0.001	0.903	0.094	0.002
0.116	0.001	0.848	0.035
0.094	0.734	0.001	0.171
0.001	0.001	0.001	0.997
0.807	0.191	0.001	0.001
0.001	0.001	0.997	0.001
0.320	0.001	0.001	0.678
0.064	0.695	0.034	0.207
>GGTGGAGCTA	17-GGTGGAGCTA	10.871184	-19.200512	0	T:13.0(1.15%),B:57.4(0.13%),P:1e-8	Tpos:109.9,Tstd:54.7,Bpos:97.9,Bstd:73.0,StrandBias:-0.7,Multiplicity:1.00
0.001	0.001	0.876	0.122
0.001	0.001	0.997	0.001
0.001	0.001	0.070	0.928
0.001	0.001	0.997	0.001
0.079	0.001	0.919	0.001
0.997	0.001	0.001	0.001
0.001	0.001	0.997	0.001
0.091	0.907	0.001	0.001
0.001	0.001	0.001	0.997
0.997	0.001	0.001	0.001
>GKAAACGTGC	18-GKAAACGTGC	10.131193	-18.997460	0	T:13.0(1.15%),B:58.7(0.13%),P:1e-8	Tpos:110.0,Tstd:58.0,Bpos:91.2,Bstd:59.8,StrandBias:1.6,Multiplicity:1.00
0.001	0.001	0.997	0.001
0.203	0.001	0.414	0.382
0.997	0.001	0.001	0.001
0.997	0.001	0.001	0.001
0.912	0.001	0.086	0.001
0.001	0.997	0.001	0.001
0.001	0.001	0.997	0.001
0.001	0.001	0.001	0.997
0.001	0.001	0.687	0.311
0.001	0.997	0.001	0.001
>TCGCAAACCT	19-TCGCAAACCT	11.326465	-17.917644	0	T:4.0(0.35%),B:0.6(0.00%),P:1e-7	Tpos:92.8,Tstd:60.8,Bpos:15.0,Bstd:0.0,StrandBias:1.6,Multiplicity:1.00
0.159	0.001	0.001	0.839
0.001	0.997	0.001	0.001
0.001	0.001	0.997	0.001
0.160	0.520	0.001	0.319
0.521	0.001	0.159	0.319
0.839	0.001	0.001	0.159
0.661	0.001	0.319	0.019
0.001	0.997	0.001	0.001
0.019	0.957	0.005	0.019
0.178	0.159	0.001	0.662
>TCATVATCAK	20-TCATVATCAK	8.208291	-15.994584	0	T:14.0(1.24%),B:89.4(0.20%),P:1e-6	Tpos:78.5,Tstd:53.5,Bpos:91.9,Bstd:66.5,StrandBias:1.6,Multiplicity:1.00
0.042	0.051	0.098	0.809
0.300	0.593	0.080	0.027
0.588	0.020	0.364	0.028
0.045	0.076	0.063	0.816
0.377	0.285	0.299	0.039
0.828	0.023	0.108	0.041
0.204	0.065	0.074	0.657
0.058	0.698	0.169	0.075
0.476	0.173	0.076	0.275
0.022	0.045	0.477	0.456
>ATTGRGTSCA	21-ATTGRGTSCA	8.802582	-14.948986	0	T:17.0(1.51%),B:145.4(0.33%),P:1e-6	Tpos:98.2,Tstd:55.2,Bpos:94.2,Bstd:73.1,StrandBias:0.1,Multiplicity:1.24
0.719	0.129	0.151	0.001
0.059	0.055	0.026	0.860
0.225	0.071	0.088	0.616
0.001	0.001	0.968	0.030
0.379	0.048	0.519	0.054
0.059	0.256	0.606	0.079
0.029	0.001	0.160	0.810
0.216	0.319	0.376	0.089
0.257	0.741	0.001	0.001
0.957	0.001	0.041	0.001
>GGTAGGATTT	22-GGTAGGATTT	10.296193	-13.605888	0	T:5.0(0.44%),B:7.6(0.02%),P:1e-5	Tpos:54.4,Tstd:27.6,Bpos:109.1,Bstd:75.7,StrandBias:-2.0,Multiplicity:1.00
0.100	0.100	0.700	0.100
0.100	0.100	0.700	0.100
0.100	0.100	0.100	0.700
0.700	0.100	0.100	0.100
0.100	0.100	0.700	0.100
0.100	0.100	0.700	0.100
0.700	0.100	0.100	0.100
0.100	0.100	0.100	0.700
0.100	0.100	0.100	0.700
0.100	0.100	0.100	0.700
>CGARAGGATA	23-CGARAGGATA	8.174606	-12.554199	0	T:15.0(1.33%),B:137.9(0.31%),P:1e-5	Tpos:127.9,Tstd:49.9,Bpos:108.2,Bstd:65.5,StrandBias:-0.5,Multiplicity:1.21
0.001	0.997	0.001	0.001
0.001	0.001	0.997	0.001
0.997	0.001	0.001	0.001
0.343	0.193	0.463	0.001
0.997	0.001	0.001	0.001
0.001	0.001	0.997	0.001
0.001	0.001	0.664	0.334
0.997	0.001	0.001	0.001
0.001	0.046	0.001	0.952
0.669	0.001	0.329	0.001
>TTAATATGGA	24-TTAATATGGA	11.927532	-11.560238	0	T:4.0(0.35%),B:5.8(0.01%),P:1e-5	Tpos:94.5,Tstd:38.2,Bpos:83.4,Bstd:64.0,StrandBias:-2.3,Multiplicity:1.50
0.001	0.001	0.001	0.997
0.001	0.001	0.001	0.997
0.997	0.001	0.001	0.001
0.997	0.001	0.001	0.001
0.001	0.001	0.001	0.997
0.997	0.001	0.001	0.001
0.001	0.001	0.181	0.817
0.001	0.001	0.997	0.001
0.001	0.001	0.997	0.001
0.817	0.001	0.001	0.181
>AGCAACGGAT	25-AGCAACGGAT	10.296193	-3.691126	0	T:1.0(0.09%),B:1.0(0.00%),P:1e-1	Tpos:88.5,Tstd:52.9,Bpos:75.3,Bstd:2.1,StrandBias:10.0,Multiplicity:6.00
0.700	0.100	0.100	0.100
0.100	0.100	0.700	0.100
0.100	0.700	0.100	0.100
0.700	0.100	0.100	0.100
0.700	0.100	0.100	0.100
0.100	0.700	0.100	0.100
0.100	0.100	0.700	0.100
0.100	0.100	0.700	0.100
0.700	0.100	0.100	0.100
0.100	0.100	0.100	0.700
>GCGCATGCGCRN	1-GCGCATGCGCRN	9.399873	-208.883672	0	T:255.0(22.63%),B:2236.2(5.01%),P:1e-90	Tpos:96.2,Tstd:53.0,Bpos:87.8,Bstd:73.4,StrandBias:0.0,Multiplicity:1.38
0.263	0.001	0.735	0.001
0.070	0.856	0.025	0.049
0.049	0.001	0.949	0.001
0.024	0.967	0.008	0.001
0.714	0.091	0.082	0.113
0.080	0.070	0.143	0.707
0.038	0.045	0.892	0.025
0.001	0.893	0.001	0.105
0.027	0.001	0.939	0.033
0.001	0.712	0.001	0.286
0.409	0.203	0.301	0.086
0.246	0.298	0.183	0.273
>GGGGCGGGGCCW	2-GGGGCGGGGCCW	7.420493	-170.439301	0	T:418.0(37.09%),B:6646.8(14.90%),P:1e-74	Tpos:99.8,Tstd:55.0,Bpos:83.5,Bstd:62.7,StrandBias:-0.2,Multiplicity:1.65
0.278	0.001	0.437	0.283
0.053	0.001	0.945	0.001
0.001	0.001	0.997	0.001
0.001	0.001	0.997	0.001
0.001	0.997	0.001	0.001
0.001	0.001	0.997	0.001
0.001	0.001	0.633	0.365
0.153	0.001	0.845	0.001
0.165	0.001	0.833	0.001
0.018	0.798	0.001	0.183
0.067	0.548	0.077	0.308
0.262	0.111	0.231	0.395
>YACTGCGCAKGC	3-YACTGCGCAKGC	8.793535	-110.264278	0	T:169.0(15.00%),B:1780.5(3.99%),P:1e-47	Tpos:93.2,Tstd:51.7,Bpos:98.4,Bstd:69.9,StrandBias:-0.5,Multiplicity:1.08
0.056	0.350	0.095	0.499
0.503	0.144	0.057	0.296
0.001	0.957	0.021	0.021
0.001	0.054	0.063	0.882
0.092	0.028	0.879	0.001
0.081	0.832	0.049	0.038
0.021	0.010	0.885	0.084
0.001	0.917	0.027	0.055
0.672	0.122	0.129	0.077
0.090	0.103	0.418	0.388
0.013	0.116	0.850	0.021
0.021	0.916	0.021	0.042
>ACTTCCGGTTTY	4-ACTTCCGGTTTY	7.550407	-62.615029	0	T:182.0(16.15%),B:2978.6(6.68%),P:1e-27	Tpos:100.6,Tstd:52.9,Bpos:95.4,Bstd:65.6,StrandBias:0.0,Multiplicity:1.14
0.644	0.114	0.152	0.090
0.001	0.661	0.337	0.001
0.149	0.041	0.001	0.809
0.001	0.001	0.001	0.997
0.001	0.832	0.067	0.100
0.001	0.797	0.201	0.001
0.001	0.206	0.597	0.196
0.001	0.308	0.511	0.180
0.001	0.324	0.067	0.608
0.045	0.187	0.250	0.518
0.001	0.328	0.127	0.544
0.148	0.332	0.146	0.374
>GCCCCGCCCACA	5-GCCCCGCCCACA	9.353694	-60.772063	0	T:143.0(12.69%),B:2054.2(4.60%),P:1e-26	Tpos:101.5,Tstd:55.6,Bpos:101.0,Bstd:67.4,StrandBias:0.6,Multiplicity:1.05
0.053	0.064	0.758	0.125
0.081	0.756	0.105	0.058
0.030	0.881	0.057	0.032
0.014	0.834	0.108	0.044
0.044	0.811	0.080	0.065
0.064	0.053	0.781	0.102
0.019	0.935	0.045	0.001
0.063	0.897	0.039	0.001
0.069	0.891	0.001	0.039
0.849	0.045	0.076	0.030
0.097	0.810	0.077	0.016
0.838	0.030	0.032	0.100
>AGCCCCGCCTCT	6-AGCCCCGCCTCT	9.579951	-55.041357	0	T:148.0(13.13%),B:2306.6(5.17%),P:1e-23	Tpos:95.2,Tstd:53.4,Bpos:95.9,Bstd:64.9,StrandBias:-0.3,Multiplicity:1.02
0.728	0.093	0.087	0.092
0.045	0.015	0.878	0.062
0.055	0.838	0.106	0.001
0.024	0.818	0.059	0.099
0.001	0.922	0.001	0.076
0.057	0.860	0.043	0.040
0.001	0.086	0.851	0.062
0.053	0.857	0.089	0.001
0.026	0.925	0.011	0.038
0.026	0.062	0.127	0.785
0.001	0.879	0.089	0.031
0.033	0.148	0.073	0.746
>CGGTCACGTGAC	7-CGGTCACGTGAC	9.073110	-54.103166	0	T:72.0(6.39%),B:661.4(1.48%),P:1e-23	Tpos:100.8,Tstd:51.4,Bpos:88.9,Bstd:62.7,StrandBias:-0.1,Multiplicity:1.25
0.160	0.443	0.174	0.223
0.140	0.205	0.515	0.140
0.100	0.198	0.619	0.083
0.001	0.089	0.192	0.718
0.001	0.997	0.001	0.001
0.997	0.001	0.001	0.001
0.001	0.953	0.045	0.001
0.001	0.001	0.997	0.001
0.001	0.001	0.050	0.948
0.001	0.001	0.997	0.001
0.753	0.056	0.145	0.046
0.078	0.528	0.133	0.261
>BCGVTGACGTCA	8-BCGVTGACGTCA	8.345994	-48.432728	0	T:86.0(7.63%),B:1011.7(2.27%),P:1e-21	Tpos:95.6,Tstd:52.0,Bpos:85.2,Bstd:63.2,StrandBias:-0.1,Multiplicity:1.08
0.106	0.258	0.247	0.388
0.071	0.486	0.211	0.233
0.169	0.212	0.408	0.211
0.372	0.281	0.241	0.107
0.001	0.034	0.001	0.964
0.001	0.001	0.997	0.001
0.840	0.001	0.158	0.001
0.001	0.997	0.001	0.001
0.209	0.001	0.789	0.001
0.001	0.316	0.001	0.682
0.351	0.647	0.001	0.001
0.860	0.001	0.104	0.035
>RNTCTCGCGAGA	9-RNTCTCGCGAGA	8.248933	-46.616551	0	T:43.0(3.82%),B:267.6(0.60%),P:1e-20	Tpos:96.1,Tstd:55.4,Bpos:85.3,Bstd:71.3,StrandBias:-0.1,Multiplicity:1.12
0.332	0.155	0.351	0.163
0.349	0.211	0.209	0.231
0.049	0.156	0.185	0.610
0.226	0.517	0.125	0.132
0.172	0.240	0.171	0.417
0.162	0.609	0.216	0.013
0.043	0.017	0.923	0.017
0.034	0.597	0.148	0.221
0.026	0.203	0.754	0.017
0.601	0.053	0.324	0.022
0.034	0.026	0.768	0.172
0.501	0.243	0.213	0.043
>NCCAAGATGGCG	10-NCCAAGATGGCG	8.912284	-43.889730	0	T:94.0(8.34%),B:1266.4(2.84%),P:1e-19	Tpos:97.9,Tstd:56.7,Bpos:108.9,Bstd:66.0,StrandBias:0.5,Multiplicity:1.04
0.274	0.172	0.271	0.282
0.163	0.621	0.155	0.061
0.191	0.538	0.106	0.165
0.826	0.084	0.001	0.089
0.939	0.001	0.001	0.059
0.176	0.211	0.583	0.030
0.978	0.020	0.001	0.001
0.080	0.001	0.132	0.787
0.001	0.001	0.997	0.001
0.001	0.001	0.997	0.001
0.140	0.858	0.001	0.001
0.030	0.262	0.563	0.145
>GCCCCKCCCAYG	11-GCCCCKCCCAYG	11.658319	-40.828095	0	T:88.0(7.81%),B:1191.8(2.67%),P:1e-17	Tpos:109.1,Tstd:60.5,Bpos:94.4,Bstd:63.1,StrandBias:0.7,Multiplicity:1.00
0.001	0.147	0.851	0.001
0.001	0.997	0.001	0.001
0.085	0.906	0.008	0.001
0.001	0.968	0.030	0.001
0.060	0.920	0.019	0.001
0.212	0.001	0.376	0.411
0.001	0.997	0.001	0.001
0.001	0.997	0.001	0.001
0.001	0.997	0.001	0.001
0.694	0.265	0.040	0.001
0.104	0.401	0.213	0.282
0.001	0.001	0.997	0.001
>TTCCCACAATGC	12-TTCCCACAATGC	10.523012	-33.592035	0	T:27.0(2.40%),B:144.0(0.32%),P:1e-14	Tpos:113.0,Tstd:47.9,Bpos:83.4,Bstd:63.8,StrandBias:-0.4,Multiplicity:1.00
0.033	0.001	0.183	0.783
0.108	0.029	0.024	0.839
0.001	0.958	0.001	0.040
0.040	0.958	0.001	0.001
0.001	0.973	0.001	0.025
0.877	0.001	0.041	0.081
0.123	0.601	0.161	0.115
0.800	0.077	0.122	0.001
0.847	0.071	0.001	0.081
0.126	0.043	0.214	0.617
0.041	0.001	0.836	0.122
0.041	0.917	0.041	0.001
>CGGAAAAGGGCC	13-CGGAAAAGGGCC	13.498568	-29.950046	0	T:9.0(0.80%),B:6.4(0.01%),P:1e-13	Tpos:77.4,Tstd:58.7,Bpos:86.7,Bstd:30.4,StrandBias:1.0,Multiplicity:1.00
0.103	0.895	0.001	0.001
0.001	0.103	0.895	0.001
0.001	0.001	0.895	0.103
0.997	0.001	0.001	0.001
0.997	0.001	0.001	0.001
0.895	0.001	0.103	0.001
0.895	0.001	0.103	0.001
0.001	0.001	0.997	0.001
0.001	0.001	0.997	0.001
0.001	0.103	0.895	0.001
0.103	0.895	0.001	0.001
0.103	0.830	0.066	0.001
>CGGAAATAGCCG	14-CGGAAATAGCCG	8.705083	-29.878324	0	T:49.0(4.35%),B:548.7(1.23%),P:1e-12	Tpos:89.9,Tstd:52.9,Bpos:93.3,Bstd:76.4,StrandBias:-0.2,Multiplicity:1.12
0.039	0.928	0.032	0.001
0.055	0.001	0.866	0.078
0.001	0.001	0.921	0.077
0.921	0.077	0.001	0.001
0.766	0.117	0.078	0.039
0.811	0.078	0.072	0.039
0.053	0.148	0.226	0.573
0.666	0.130	0.104	0.100
0.078	0.080	0.841	0.001
0.025	0.867	0.069	0.039
0.039	0.936	0.024	0.001
0.039	0.050	0.910	0.001
>GTGTAGCGGTTA	15-GTGTAGCGGTTA	10.130509	-26.514914	0	T:15.0(1.33%),B:47.5(0.11%),P:1e-11	Tpos:100.3,Tstd:62.3,Bpos:98.8,Bstd:71.7,StrandBias:-0.6,Multiplicity:1.00
0.001	0.194	0.708	0.097
0.001	0.001	0.096	0.902
0.001	0.013	0.889	0.097
0.001	0.194	0.001	0.804
0.997	0.001	0.001	0.001
0.096	0.001	0.902	0.001
0.097	0.604	0.001	0.298
0.001	0.001	0.902	0.096
0.097	0.001	0.708	0.194
0.001	0.001	0.001	0.997
0.097	0.097	0.001	0.805
0.805	0.001	0.097	0.097
>AGTRCATGTAGT	16-AGTRCATGTAGT	11.945344	-25.857468	0	T:10.0(0.89%),B:14.6(0.03%),P:1e-11	Tpos:112.5,Tstd:56.6,Bpos:74.7,Bstd:47.4,StrandBias:0.0,Multiplicity:1.00
0.765	0.001	0.001	0.233
0.001	0.233	0.765	0.001
0.001	0.001	0.001	0.997
0.531	0.001	0.467	0.001
0.001	0.765	0.233	0.001
0.997	0.001	0.001	0.001
0.266	0.001	0.001	0.732
0.233	0.001	0.765	0.001
0.014	0.001	0.001	0.984
0.997	0.001	0.001	0.001
0.001	0.001	0.997	0.001
0.001	0.233	0.001	0.765
>GTCTCCGCCTCC	17-GTCTCCGCCTCC	10.953988	-19.511794	0	T:29.0(2.57%),B:307.1(0.69%),P:1e-8	Tpos:95.5,Tstd:52.6,Bpos:91.8,Bstd:66.7,StrandBias:0.7,Multiplicity:1.04
0.270	0.001	0.634	0.095
0.088	0.025	0.027	0.860
0.001	0.867	0.001	0.131
0.001	0.132	0.001	0.866
0.001	0.912	0.001	0.086
0.088	0.704	0.207	0.001
0.149	0.087	0.763	0.001
0.213	0.699	0.087	0.001
0.001	0.882	0.001	0.116
0.001	0.001	0.001	0.997
0.001	0.928	0.001	0.070
0.001	0.949	0.001	0.049
>AGGGAGTGATGC	18-AGGGAGTGATGC	12.355432	-15.673881	0	T:6.0(0.53%),B:9.5(0.02%),P:1e-6	Tpos:101.8,Tstd:64.9,Bpos:109.4,Bstd:92.4,StrandBias:2.3,Multiplicity:1.00
0.700	0.100	0.100	0.100
0.100	0.100	0.700	0.100
0.100	0.100	0.700	0.100
0.100	0.100	0.700	0.100
0.700	0.100	0.100	0.100
0.100	0.100	0.700	0.100
0.100	0.100	0.100	0.700
0.100	0.100	0.700	0.100
0.700	0.100	0.100	0.100
0.100	0.100	0.100	0.700
0.100	0.100	0.700	0.100
0.100	0.700	0.100	0.100
>GTAYCGCRTTHR	19-GTAYCGCRTTHR	7.919466	-14.614078	0	T:34.0(3.02%),B:503.9(1.13%),P:1e-6	Tpos:104.8,Tstd:54.9,Bpos:96.0,Bstd:77.4,StrandBias:1.1,Multiplicity:1.00
0.001	0.335	0.487	0.178
0.001	0.259	0.001	0.739
0.997	0.001	0.001	0.001
0.001	0.360	0.235	0.404
0.001	0.911	0.087	0.001
0.043	0.001	0.955	0.001
0.289	0.491	0.001	0.219
0.307	0.236	0.455	0.001
0.179	0.001	0.001	0.819
0.001	0.320	0.001	0.678
0.288	0.324	0.001	0.387
0.423	0.001	0.440	0.136
>GTGACGTCACGG	20-GTGACGTCACGG	10.361479	-14.302981	0	T:23.0(2.04%),B:266.0(0.60%),P:1e-6	Tpos:132.5,Tstd:44.1,Bpos:82.9,Bstd:73.7,StrandBias:2.3,Multiplicity:1.00
0.001	0.073	0.925	0.001
0.073	0.105	0.001	0.821
0.126	0.073	0.800	0.001
0.687	0.074	0.105	0.134
0.001	0.997	0.001	0.001
0.001	0.060	0.718	0.221
0.074	0.147	0.120	0.659
0.001	0.960	0.038	0.001
0.965	0.001	0.001	0.033
0.001	0.873	0.125	0.001
0.001	0.034	0.892	0.073
0.001	0.112	0.814	0.073
>ATTAACATTGAC	21-ATTAACATTGAC	11.231876	-11.429343	0	T:5.0(0.44%),B:11.5(0.03%),P:1e-4	Tpos:121.5,Tstd:52.9,Bpos:111.0,Bstd:66.2,StrandBias:0.6,Multiplicity:2.00
0.997	0.001	0.001	0.001
0.001	0.001	0.167	0.831
0.001	0.001	0.008	0.990
0.680	0.001	0.001	0.318
0.681	0.159	0.001	0.159
0.001	0.831	0.001	0.167
0.997	0.001	0.001	0.001
0.001	0.159	0.001	0.839
0.159	0.001	0.159	0.681
0.001	0.159	0.839	0.001
0.681	0.159	0.159	0.001
0.008	0.990	0.001	0.001
>TAATCATCATGA	22-TAATCATCATGA	12.278723	-6.904531	0	T:4.0(0.35%),B:17.8(0.04%),P:1e-2	Tpos:55.2,Tstd:34.3,Bpos:93.5,Bstd:43.2,StrandBias:3.3,Multiplicity:1.00
0.334	0.001	0.001	0.664
0.647	0.351	0.001	0.001
0.997	0.001	0.001	0.001
0.001	0.001	0.001	0.997
0.010	0.988	0.001	0.001
0.997	0.001	0.001	0.001
0.001	0.334	0.001	0.664
0.001	0.997	0.001	0.001
0.735	0.263	0.001	0.001
0.001	0.001	0.001	0.997
0.001	0.365	0.633	0.001
0.723	0.275	0.001	0.001
>GAGAGGATGGGC	23-GAGAGGATGGGC	12.355432	-5.904149	0	T:2.0(0.18%),B:3.7(0.01%),P:1e-2	Tpos:120.0,Tstd:59.5,Bpos:87.7,Bstd:33.0,StrandBias:-2.3,Multiplicity:3.00
0.100	0.100	0.700	0.100
0.700	0.100	0.100	0.100
0.100	0.100	0.700	0.100
0.700	0.100	0.100	0.100
0.100	0.100	0.700	0.100
0.100	0.100	0.700	0.100
0.700	0.100	0.100	0.100
0.100	0.100	0.100	0.700
0.100	0.100	0.700	0.100
0.100	0.100	0.700	0.100
0.100	0.100	0.700	0.100
0.100	0.700	0.100	0.100
>CCCTCGCTTCCG	24-CCCTCGCTTCCG	12.355432	-4.915836	0	T:2.0(0.18%),B:6.0(0.01%),P:1e-2	Tpos:108.2,Tstd:49.0,Bpos:113.5,Bstd:8.2,StrandBias:-2.3,Multiplicity:3.00
0.100	0.700	0.100	0.100
0.100	0.700	0.100	0.100
0.100	0.700	0.100	0.100
0.100	0.100	0.100	0.700
0.100	0.700	0.100	0.100
0.100	0.100	0.700	0.100
0.100	0.700	0.100	0.100
0.100	0.100	0.100	0.700
0.100	0.100	0.100	0.700
0.100	0.700	0.100	0.100
0.100	0.700	0.100	0.100
0.100	0.100	0.700	0.100
>GGAGGAGCAACG	25-GGAGGAGCAACG	12.355432	-3.691126	0	T:1.0(0.09%),B:0.0(0.00%),P:1e-1	Tpos:84.5,Tstd:52.9,Bpos:0.0,Bstd:0.0,StrandBias:10.0,Multiplicity:6.00
0.100	0.100	0.700	0.100
0.100	0.100	0.700	0.100
0.700	0.100	0.100	0.100
0.100	0.100	0.700	0.100
0.100	0.100	0.700	0.100
0.700	0.100	0.100	0.100
0.100	0.100	0.700	0.100
0.100	0.700	0.100	0.100
0.700	0.100	0.100	0.100
0.700	0.100	0.100	0.100
0.100	0.700	0.100	0.100
0.100	0.100	0.700	0.100
>GCGCATGC	1-GCGCATGC	8.860327	-121.172476	0	T:229.0(20.32%),B:2890.6(6.48%),P:1e-52	Tpos:101.2,Tstd:51.9,Bpos:92.2,Bstd:72.2,StrandBias:-0.0,Multiplicity:1.26
0.095	0.001	0.903	0.001
0.013	0.985	0.001	0.001
0.012	0.001	0.986	0.001
0.001	0.997	0.001	0.001
0.745	0.157	0.059	0.039
0.058	0.056	0.177	0.709
0.008	0.001	0.990	0.001
0.001	0.942	0.001	0.056
>YMCGCCTA	2-YMCGCCTA	6.880862	-103.914793	0	T:461.0(40.91%),B:9828.5(22.03%),P:1e-45	Tpos:103.0,Tstd:56.4,Bpos:94.5,Bstd:70.8,StrandBias:0.1,Multiplicity:1.17
0.001	0.448	0.001	0.550
0.494	0.390	0.115	0.001
0.001	0.997	0.001	0.001
0.001	0.001	0.997	0.001
0.030	0.968	0.001	0.001
0.001	0.997	0.001	0.001
0.001	0.227	0.062	0.710
0.631	0.318	0.001	0.050
>CGCATGCG	3-CGCATGCG	8.692105	-101.796951	0	T:200.0(17.75%),B:2575.0(5.77%),P:1e-44	Tpos:94.6,Tstd:54.5,Bpos:95.4,Bstd:79.6,StrandBias:0.1,Multiplicity:1.14
0.001	0.997	0.001	0.001
0.228	0.001	0.761	0.010
0.001	0.997	0.001	0.001
0.552	0.087	0.360	0.001
0.265	0.001	0.001	0.733
0.001	0.001	0.997	0.001
0.001	0.997	0.001	0.001
0.001	0.001	0.997	0.001
>ACCCCGCC	4-ACCCCGCC	5.488990	-88.058463	0	T:490.0(43.48%),B:11403.6(25.56%),P:1e-38	Tpos:99.8,Tstd:54.9,Bpos:89.9,Bstd:69.3,StrandBias:0.2,Multiplicity:1.77
0.629	0.001	0.369	0.001
0.001	0.973	0.001	0.025
0.001	0.657	0.001	0.341
0.301	0.697	0.001	0.001
0.001	0.997	0.001	0.001
0.001	0.001	0.997	0.001
0.001	0.997	0.001	0.001
0.001	0.997	0.001	0.001
>CCGGAAAW	5-CCGGAAAW	5.163125	-76.071645	0	T:457.0(40.55%),B:10803.6(24.21%),P:1e-33	Tpos:98.1,Tstd:53.6,Bpos:96.7,Bstd:72.5,StrandBias:0.1,Multiplicity:1.52
0.083	0.691	0.161	0.065
0.001	0.997	0.001	0.001
0.001	0.001	0.997	0.001
0.124	0.021	0.660	0.195
0.997	0.001	0.001	0.001
0.948	0.001	0.001	0.050
0.626	0.078	0.277	0.019
0.257	0.187	0.168	0.387
>CACGTGAC	6-CACGTGAC	6.733140	-71.358972	0	T:162.0(14.37%),B:2281.2(5.11%),P:1e-30	Tpos:100.4,Tstd:52.4,Bpos:86.2,Bstd:68.1,StrandBias:0.1,Multiplicity:1.29
0.001	0.709	0.167	0.123
0.969	0.001	0.029	0.001
0.001	0.997	0.001	0.001
0.001	0.001	0.997	0.001
0.001	0.029	0.031	0.939
0.001	0.297	0.685	0.017
0.997	0.001	0.001	0.001
0.001	0.605	0.005	0.389
>TTABGCGA	7-TTABGCGA	4.634200	-58.678946	0	T:590.0(52.35%),B:16454.4(36.88%),P:1e-25	Tpos:101.2,Tstd:56.8,Bpos:99.9,Bstd:75.1,StrandBias:0.2,Multiplicity:1.29
0.061	0.139	0.001	0.799
0.196	0.247	0.114	0.443
0.382	0.221	0.225	0.172
0.082	0.261	0.355	0.301
0.278	0.013	0.659	0.050
0.001	0.961	0.037	0.001
0.001	0.001	0.997	0.001
0.480	0.001	0.210	0.308
>TCGCGAGA	8-TCGCGAGA	7.094271	-40.649740	0	T:48.0(4.26%),B:395.1(0.89%),P:1e-17	Tpos:102.9,Tstd:54.0,Bpos:84.1,Bstd:74.0,StrandBias:-0.0,Multiplicity:1.17
0.001	0.001	0.001	0.997
0.001	0.997	0.001	0.001
0.001	0.001	0.997	0.001
0.001	0.997	0.001	0.001
0.001	0.001	0.976	0.022
0.997	0.001	0.001	0.001
0.001	0.001	0.851	0.147
0.997	0.001	0.001	0.001
>TCGTTACB	9-TCGTTACB	3.472745	-38.051932	0	T:306.0(27.15%),B:7637.6(17.12%),P:1e-16	Tpos:100.2,Tstd:56.1,Bpos:98.9,Bstd:76.4,StrandBias:-0.0,Multiplicity:1.11
0.189	0.196	0.202	0.413
0.133	0.447	0.191	0.229
0.085	0.062	0.692	0.161
0.078	0.217	0.156	0.549
0.182	0.162	0.200	0.455
0.524	0.144	0.176	0.156
0.156	0.524	0.174	0.146
0.169	0.239	0.352	0.241
>GAAGCGTA	10-GAAGCGTA	5.266829	-32.401340	0	T:213.0(18.90%),B:4941.3(11.08%),P:1e-14	Tpos:103.8,Tstd:51.9,Bpos:98.5,Bstd:71.1,StrandBias:-0.1,Multiplicity:1.07
0.105	0.147	0.696	0.052
0.814	0.056	0.053	0.077
0.698	0.137	0.031	0.134
0.109	0.090	0.719	0.082
0.052	0.828	0.040	0.080
0.074	0.131	0.704	0.091
0.101	0.067	0.036	0.796
0.757	0.054	0.149	0.040
>TAAGATGG	11-TAAGATGG	6.559842	-29.851641	0	T:121.0(10.74%),B:2320.9(5.20%),P:1e-12	Tpos:102.2,Tstd:56.0,Bpos:105.6,Bstd:67.2,StrandBias:0.3,Multiplicity:1.09
0.001	0.213	0.082	0.704
0.976	0.001	0.022	0.001
0.997	0.001	0.001	0.001
0.022	0.001	0.849	0.128
0.962	0.001	0.001	0.036
0.001	0.041	0.071	0.887
0.023	0.039	0.933	0.005
0.001	0.001	0.944	0.054
>TTAGCGGA	12-TTAGCGGA	5.101160	-24.641610	0	T:251.0(22.27%),B:6615.8(14.83%),P:1e-10	Tpos:102.3,Tstd:56.3,Bpos:99.6,Bstd:73.0,StrandBias:-0.2,Multiplicity:1.13
0.053	0.240	0.089	0.618
0.089	0.024	0.083	0.804
0.770	0.093	0.080	0.057
0.035	0.073	0.806	0.086
0.036	0.842	0.081	0.041
0.044	0.063	0.836	0.057
0.128	0.098	0.691	0.083
0.646	0.096	0.116	0.142
>CCAAAATG	13-CCAAAATG	6.716782	-23.014800	0	T:124.0(11.00%),B:2672.4(5.99%),P:1e-9	Tpos:103.5,Tstd:58.6,Bpos:101.7,Bstd:68.3,StrandBias:-0.1,Multiplicity:1.04
0.030	0.866	0.036	0.068
0.026	0.937	0.036	0.001
0.945	0.001	0.053	0.001
0.690	0.209	0.041	0.060
0.960	0.001	0.038	0.001
0.936	0.001	0.001	0.062
0.001	0.156	0.039	0.804
0.001	0.046	0.952	0.001
>MTTTCGCG	14-MTTTCGCG	5.848164	-20.414159	0	T:90.0(7.99%),B:1797.9(4.03%),P:1e-8	Tpos:93.8,Tstd:60.8,Bpos:102.1,Bstd:80.2,StrandBias:0.4,Multiplicity:1.00
0.459	0.407	0.018	0.117
0.220	0.116	0.070	0.594
0.038	0.033	0.104	0.825
0.073	0.184	0.120	0.623
0.113	0.698	0.013	0.176
0.152	0.160	0.623	0.065
0.129	0.814	0.028	0.029
0.286	0.036	0.437	0.241
>CGTCATCA	15-CGTCATCA	6.964686	-19.809802	0	T:58.0(5.15%),B:959.4(2.15%),P:1e-8	Tpos:92.8,Tstd:53.6,Bpos:95.3,Bstd:70.4,StrandBias:-0.4,Multiplicity:1.11
0.001	0.997	0.001	0.001
0.184	0.001	0.814	0.001
0.001	0.093	0.001	0.905
0.001	0.997	0.001	0.001
0.941	0.001	0.057	0.001
0.052	0.001	0.001	0.946
0.001	0.970	0.001	0.028
0.885	0.113	0.001	0.001
>CACGAAAC	16-CACGAAAC	7.787281	-12.553641	0	T:45.0(3.99%),B:839.0(1.88%),P:1e-5	Tpos:97.7,Tstd:52.6,Bpos:99.8,Bstd:76.7,StrandBias:0.6,Multiplicity:1.08
0.001	0.843	0.155	0.001
0.900	0.001	0.041	0.058
0.081	0.788	0.130	0.001
0.037	0.001	0.930	0.032
0.719	0.126	0.001	0.154
0.942	0.001	0.001	0.056
0.753	0.001	0.001	0.245
0.212	0.786	0.001	0.001
>CAACGGAT	17-CAACGGAT	8.236954	-1.900148	0	T:2.0(0.18%),B:27.2(0.06%),P:1e0	Tpos:78.1,Tstd:56.4,Bpos:107.9,Bstd:71.1,StrandBias:10.0,Multiplicity:3.50
0.100	0.700	0.100	0.100
0.700	0.100	0.100	0.100
0.700	0.100	0.100	0.100
0.100	0.700	0.100	0.100
0.100	0.100	0.700	0.100
0.100	0.100	0.700	0.100
0.700	0.100	0.100	0.100
0.100	0.100	0.100	0.700
