>GCGCATGC	1-GCGCATGC	8.860327	-121.172476	0	T:229.0(20.32%),B:2890.6(6.48%),P:1e-52	Tpos:101.2,Tstd:51.9,Bpos:92.2,Bstd:72.2,StrandBias:-0.0,Multiplicity:1.26
0.095	0.001	0.903	0.001
0.013	0.985	0.001	0.001
0.012	0.001	0.986	0.001
0.001	0.997	0.001	0.001
0.745	0.157	0.059	0.039
0.058	0.056	0.177	0.709
0.008	0.001	0.990	0.001
0.001	0.942	0.001	0.056
>YMCGCCTA	2-YMCGCCTA	6.880862	-103.914793	0	T:461.0(40.91%),B:9828.5(22.03%),P:1e-45	Tpos:103.0,Tstd:56.4,Bpos:94.5,Bstd:70.8,StrandBias:0.1,Multiplicity:1.17
0.001	0.448	0.001	0.550
0.494	0.390	0.115	0.001
0.001	0.997	0.001	0.001
0.001	0.001	0.997	0.001
0.030	0.968	0.001	0.001
0.001	0.997	0.001	0.001
0.001	0.227	0.062	0.710
0.631	0.318	0.001	0.050
>CGCATGCG	3-CGCATGCG	8.692105	-101.796951	0	T:200.0(17.75%),B:2575.0(5.77%),P:1e-44	Tpos:94.6,Tstd:54.5,Bpos:95.4,Bstd:79.6,StrandBias:0.1,Multiplicity:1.14
0.001	0.997	0.001	0.001
0.228	0.001	0.761	0.010
0.001	0.997	0.001	0.001
0.552	0.087	0.360	0.001
0.265	0.001	0.001	0.733
0.001	0.001	0.997	0.001
0.001	0.997	0.001	0.001
0.001	0.001	0.997	0.001
>ACCCCGCC	4-ACCCCGCC	5.488990	-88.058463	0	T:490.0(43.48%),B:11403.6(25.56%),P:1e-38	Tpos:99.8,Tstd:54.9,Bpos:89.9,Bstd:69.3,StrandBias:0.2,Multiplicity:1.77
0.629	0.001	0.369	0.001
0.001	0.973	0.001	0.025
0.001	0.657	0.001	0.341
0.301	0.697	0.001	0.001
0.001	0.997	0.001	0.001
0.001	0.001	0.997	0.001
0.001	0.997	0.001	0.001
0.001	0.997	0.001	0.001
>CCGGAAAW	5-CCGGAAAW	5.163125	-76.071645	0	T:457.0(40.55%),B:10803.6(24.21%),P:1e-33	Tpos:98.1,Tstd:53.6,Bpos:96.7,Bstd:72.5,StrandBias:0.1,Multiplicity:1.52
0.083	0.691	0.161	0.065
0.001	0.997	0.001	0.001
0.001	0.001	0.997	0.001
0.124	0.021	0.660	0.195
0.997	0.001	0.001	0.001
0.948	0.001	0.001	0.050
0.626	0.078	0.277	0.019
0.257	0.187	0.168	0.387
>CACGTGAC	6-CACGTGAC	6.733140	-71.358972	0	T:162.0(14.37%),B:2281.2(5.11%),P:1e-30	Tpos:100.4,Tstd:52.4,Bpos:86.2,Bstd:68.1,StrandBias:0.1,Multiplicity:1.29
0.001	0.709	0.167	0.123
0.969	0.001	0.029	0.001
0.001	0.997	0.001	0.001
0.001	0.001	0.997	0.001
0.001	0.029	0.031	0.939
0.001	0.297	0.685	0.017
0.997	0.001	0.001	0.001
0.001	0.605	0.005	0.389
>TTABGCGA	7-TTABGCGA	4.634200	-58.678946	0	T:590.0(52.35%),B:16454.4(36.88%),P:1e-25	Tpos:101.2,Tstd:56.8,Bpos:99.9,Bstd:75.1,StrandBias:0.2,Multiplicity:1.29
0.061	0.139	0.001	0.799
0.196	0.247	0.114	0.443
0.382	0.221	0.225	0.172
0.082	0.261	0.355	0.301
0.278	0.013	0.659	0.050
0.001	0.961	0.037	0.001
0.001	0.001	0.997	0.001
0.480	0.001	0.210	0.308
>TCGCGAGA	8-TCGCGAGA	7.094271	-40.649740	0	T:48.0(4.26%),B:395.1(0.89%),P:1e-17	Tpos:102.9,Tstd:54.0,Bpos:84.1,Bstd:74.0,StrandBias:-0.0,Multiplicity:1.17
0.001	0.001	0.001	0.997
0.001	0.997	0.001	0.001
0.001	0.001	0.997	0.001
0.001	0.997	0.001	0.001
0.001	0.001	0.976	0.022
0.997	0.001	0.001	0.001
0.001	0.001	0.851	0.147
0.997	0.001	0.001	0.001
>TCGTTACB	9-TCGTTACB	3.472745	-38.051932	0	T:306.0(27.15%),B:7637.6(17.12%),P:1e-16	Tpos:100.2,Tstd:56.1,Bpos:98.9,Bstd:76.4,StrandBias:-0.0,Multiplicity:1.11
0.189	0.196	0.202	0.413
0.133	0.447	0.191	0.229
0.085	0.062	0.692	0.161
0.078	0.217	0.156	0.549
0.182	0.162	0.200	0.455
0.524	0.144	0.176	0.156
0.156	0.524	0.174	0.146
0.169	0.239	0.352	0.241
>GAAGCGTA	10-GAAGCGTA	5.266829	-32.401340	0	T:213.0(18.90%),B:4941.3(11.08%),P:1e-14	Tpos:103.8,Tstd:51.9,Bpos:98.5,Bstd:71.1,StrandBias:-0.1,Multiplicity:1.07
0.105	0.147	0.696	0.052
0.814	0.056	0.053	0.077
0.698	0.137	0.031	0.134
0.109	0.090	0.719	0.082
0.052	0.828	0.040	0.080
0.074	0.131	0.704	0.091
0.101	0.067	0.036	0.796
0.757	0.054	0.149	0.040
>TAAGATGG	11-TAAGATGG	6.559842	-29.851641	0	T:121.0(10.74%),B:2320.9(5.20%),P:1e-12	Tpos:102.2,Tstd:56.0,Bpos:105.6,Bstd:67.2,StrandBias:0.3,Multiplicity:1.09
0.001	0.213	0.082	0.704
0.976	0.001	0.022	0.001
0.997	0.001	0.001	0.001
0.022	0.001	0.849	0.128
0.962	0.001	0.001	0.036
0.001	0.041	0.071	0.887
0.023	0.039	0.933	0.005
0.001	0.001	0.944	0.054
>TTAGCGGA	12-TTAGCGGA	5.101160	-24.641610	0	T:251.0(22.27%),B:6615.8(14.83%),P:1e-10	Tpos:102.3,Tstd:56.3,Bpos:99.6,Bstd:73.0,StrandBias:-0.2,Multiplicity:1.13
0.053	0.240	0.089	0.618
0.089	0.024	0.083	0.804
0.770	0.093	0.080	0.057
0.035	0.073	0.806	0.086
0.036	0.842	0.081	0.041
0.044	0.063	0.836	0.057
0.128	0.098	0.691	0.083
0.646	0.096	0.116	0.142
>CCAAAATG	13-CCAAAATG	6.716782	-23.014800	0	T:124.0(11.00%),B:2672.4(5.99%),P:1e-9	Tpos:103.5,Tstd:58.6,Bpos:101.7,Bstd:68.3,StrandBias:-0.1,Multiplicity:1.04
0.030	0.866	0.036	0.068
0.026	0.937	0.036	0.001
0.945	0.001	0.053	0.001
0.690	0.209	0.041	0.060
0.960	0.001	0.038	0.001
0.936	0.001	0.001	0.062
0.001	0.156	0.039	0.804
0.001	0.046	0.952	0.001
>MTTTCGCG	14-MTTTCGCG	5.848164	-20.414159	0	T:90.0(7.99%),B:1797.9(4.03%),P:1e-8	Tpos:93.8,Tstd:60.8,Bpos:102.1,Bstd:80.2,StrandBias:0.4,Multiplicity:1.00
0.459	0.407	0.018	0.117
0.220	0.116	0.070	0.594
0.038	0.033	0.104	0.825
0.073	0.184	0.120	0.623
0.113	0.698	0.013	0.176
0.152	0.160	0.623	0.065
0.129	0.814	0.028	0.029
0.286	0.036	0.437	0.241
>CGTCATCA	15-CGTCATCA	6.964686	-19.809802	0	T:58.0(5.15%),B:959.4(2.15%),P:1e-8	Tpos:92.8,Tstd:53.6,Bpos:95.3,Bstd:70.4,StrandBias:-0.4,Multiplicity:1.11
0.001	0.997	0.001	0.001
0.184	0.001	0.814	0.001
0.001	0.093	0.001	0.905
0.001	0.997	0.001	0.001
0.941	0.001	0.057	0.001
0.052	0.001	0.001	0.946
0.001	0.970	0.001	0.028
0.885	0.113	0.001	0.001
>CACGAAAC	16-CACGAAAC	7.787281	-12.553641	0	T:45.0(3.99%),B:839.0(1.88%),P:1e-5	Tpos:97.7,Tstd:52.6,Bpos:99.8,Bstd:76.7,StrandBias:0.6,Multiplicity:1.08
0.001	0.843	0.155	0.001
0.900	0.001	0.041	0.058
0.081	0.788	0.130	0.001
0.037	0.001	0.930	0.032
0.719	0.126	0.001	0.154
0.942	0.001	0.001	0.056
0.753	0.001	0.001	0.245
0.212	0.786	0.001	0.001
>CAACGGAT	17-CAACGGAT	8.236954	-1.900148	0	T:2.0(0.18%),B:27.2(0.06%),P:1e0	Tpos:78.1,Tstd:56.4,Bpos:107.9,Bstd:71.1,StrandBias:10.0,Multiplicity:3.50
0.100	0.700	0.100	0.100
0.700	0.100	0.100	0.100
0.700	0.100	0.100	0.100
0.100	0.700	0.100	0.100
0.100	0.100	0.700	0.100
0.100	0.100	0.700	0.100
0.700	0.100	0.100	0.100
0.100	0.100	0.100	0.700
