>GCGCATGCGCRN	1-GCGCATGCGCRN	9.399873	-208.883672	0	T:255.0(22.63%),B:2236.2(5.01%),P:1e-90	Tpos:96.2,Tstd:53.0,Bpos:87.8,Bstd:73.4,StrandBias:0.0,Multiplicity:1.38
0.263	0.001	0.735	0.001
0.070	0.856	0.025	0.049
0.049	0.001	0.949	0.001
0.024	0.967	0.008	0.001
0.714	0.091	0.082	0.113
0.080	0.070	0.143	0.707
0.038	0.045	0.892	0.025
0.001	0.893	0.001	0.105
0.027	0.001	0.939	0.033
0.001	0.712	0.001	0.286
0.409	0.203	0.301	0.086
0.246	0.298	0.183	0.273
>GGGGCGGGGCCW	2-GGGGCGGGGCCW	7.420493	-170.439301	0	T:418.0(37.09%),B:6646.8(14.90%),P:1e-74	Tpos:99.8,Tstd:55.0,Bpos:83.5,Bstd:62.7,StrandBias:-0.2,Multiplicity:1.65
0.278	0.001	0.437	0.283
0.053	0.001	0.945	0.001
0.001	0.001	0.997	0.001
0.001	0.001	0.997	0.001
0.001	0.997	0.001	0.001
0.001	0.001	0.997	0.001
0.001	0.001	0.633	0.365
0.153	0.001	0.845	0.001
0.165	0.001	0.833	0.001
0.018	0.798	0.001	0.183
0.067	0.548	0.077	0.308
0.262	0.111	0.231	0.395
>YACTGCGCAKGC	3-YACTGCGCAKGC	8.793535	-110.264278	0	T:169.0(15.00%),B:1780.5(3.99%),P:1e-47	Tpos:93.2,Tstd:51.7,Bpos:98.4,Bstd:69.9,StrandBias:-0.5,Multiplicity:1.08
0.056	0.350	0.095	0.499
0.503	0.144	0.057	0.296
0.001	0.957	0.021	0.021
0.001	0.054	0.063	0.882
0.092	0.028	0.879	0.001
0.081	0.832	0.049	0.038
0.021	0.010	0.885	0.084
0.001	0.917	0.027	0.055
0.672	0.122	0.129	0.077
0.090	0.103	0.418	0.388
0.013	0.116	0.850	0.021
0.021	0.916	0.021	0.042
>ACTTCCGGTTTY	4-ACTTCCGGTTTY	7.550407	-62.615029	0	T:182.0(16.15%),B:2978.6(6.68%),P:1e-27	Tpos:100.6,Tstd:52.9,Bpos:95.4,Bstd:65.6,StrandBias:0.0,Multiplicity:1.14
0.644	0.114	0.152	0.090
0.001	0.661	0.337	0.001
0.149	0.041	0.001	0.809
0.001	0.001	0.001	0.997
0.001	0.832	0.067	0.100
0.001	0.797	0.201	0.001
0.001	0.206	0.597	0.196
0.001	0.308	0.511	0.180
0.001	0.324	0.067	0.608
0.045	0.187	0.250	0.518
0.001	0.328	0.127	0.544
0.148	0.332	0.146	0.374
>GCCCCGCCCACA	5-GCCCCGCCCACA	9.353694	-60.772063	0	T:143.0(12.69%),B:2054.2(4.60%),P:1e-26	Tpos:101.5,Tstd:55.6,Bpos:101.0,Bstd:67.4,StrandBias:0.6,Multiplicity:1.05
0.053	0.064	0.758	0.125
0.081	0.756	0.105	0.058
0.030	0.881	0.057	0.032
0.014	0.834	0.108	0.044
0.044	0.811	0.080	0.065
0.064	0.053	0.781	0.102
0.019	0.935	0.045	0.001
0.063	0.897	0.039	0.001
0.069	0.891	0.001	0.039
0.849	0.045	0.076	0.030
0.097	0.810	0.077	0.016
0.838	0.030	0.032	0.100
>AGCCCCGCCTCT	6-AGCCCCGCCTCT	9.579951	-55.041357	0	T:148.0(13.13%),B:2306.6(5.17%),P:1e-23	Tpos:95.2,Tstd:53.4,Bpos:95.9,Bstd:64.9,StrandBias:-0.3,Multiplicity:1.02
0.728	0.093	0.087	0.092
0.045	0.015	0.878	0.062
0.055	0.838	0.106	0.001
0.024	0.818	0.059	0.099
0.001	0.922	0.001	0.076
0.057	0.860	0.043	0.040
0.001	0.086	0.851	0.062
0.053	0.857	0.089	0.001
0.026	0.925	0.011	0.038
0.026	0.062	0.127	0.785
0.001	0.879	0.089	0.031
0.033	0.148	0.073	0.746
>CGGTCACGTGAC	7-CGGTCACGTGAC	9.073110	-54.103166	0	T:72.0(6.39%),B:661.4(1.48%),P:1e-23	Tpos:100.8,Tstd:51.4,Bpos:88.9,Bstd:62.7,StrandBias:-0.1,Multiplicity:1.25
0.160	0.443	0.174	0.223
0.140	0.205	0.515	0.140
0.100	0.198	0.619	0.083
0.001	0.089	0.192	0.718
0.001	0.997	0.001	0.001
0.997	0.001	0.001	0.001
0.001	0.953	0.045	0.001
0.001	0.001	0.997	0.001
0.001	0.001	0.050	0.948
0.001	0.001	0.997	0.001
0.753	0.056	0.145	0.046
0.078	0.528	0.133	0.261
>BCGVTGACGTCA	8-BCGVTGACGTCA	8.345994	-48.432728	0	T:86.0(7.63%),B:1011.7(2.27%),P:1e-21	Tpos:95.6,Tstd:52.0,Bpos:85.2,Bstd:63.2,StrandBias:-0.1,Multiplicity:1.08
0.106	0.258	0.247	0.388
0.071	0.486	0.211	0.233
0.169	0.212	0.408	0.211
0.372	0.281	0.241	0.107
0.001	0.034	0.001	0.964
0.001	0.001	0.997	0.001
0.840	0.001	0.158	0.001
0.001	0.997	0.001	0.001
0.209	0.001	0.789	0.001
0.001	0.316	0.001	0.682
0.351	0.647	0.001	0.001
0.860	0.001	0.104	0.035
>RNTCTCGCGAGA	9-RNTCTCGCGAGA	8.248933	-46.616551	0	T:43.0(3.82%),B:267.6(0.60%),P:1e-20	Tpos:96.1,Tstd:55.4,Bpos:85.3,Bstd:71.3,StrandBias:-0.1,Multiplicity:1.12
0.332	0.155	0.351	0.163
0.349	0.211	0.209	0.231
0.049	0.156	0.185	0.610
0.226	0.517	0.125	0.132
0.172	0.240	0.171	0.417
0.162	0.609	0.216	0.013
0.043	0.017	0.923	0.017
0.034	0.597	0.148	0.221
0.026	0.203	0.754	0.017
0.601	0.053	0.324	0.022
0.034	0.026	0.768	0.172
0.501	0.243	0.213	0.043
>NCCAAGATGGCG	10-NCCAAGATGGCG	8.912284	-43.889730	0	T:94.0(8.34%),B:1266.4(2.84%),P:1e-19	Tpos:97.9,Tstd:56.7,Bpos:108.9,Bstd:66.0,StrandBias:0.5,Multiplicity:1.04
0.274	0.172	0.271	0.282
0.163	0.621	0.155	0.061
0.191	0.538	0.106	0.165
0.826	0.084	0.001	0.089
0.939	0.001	0.001	0.059
0.176	0.211	0.583	0.030
0.978	0.020	0.001	0.001
0.080	0.001	0.132	0.787
0.001	0.001	0.997	0.001
0.001	0.001	0.997	0.001
0.140	0.858	0.001	0.001
0.030	0.262	0.563	0.145
>GCCCCKCCCAYG	11-GCCCCKCCCAYG	11.658319	-40.828095	0	T:88.0(7.81%),B:1191.8(2.67%),P:1e-17	Tpos:109.1,Tstd:60.5,Bpos:94.4,Bstd:63.1,StrandBias:0.7,Multiplicity:1.00
0.001	0.147	0.851	0.001
0.001	0.997	0.001	0.001
0.085	0.906	0.008	0.001
0.001	0.968	0.030	0.001
0.060	0.920	0.019	0.001
0.212	0.001	0.376	0.411
0.001	0.997	0.001	0.001
0.001	0.997	0.001	0.001
0.001	0.997	0.001	0.001
0.694	0.265	0.040	0.001
0.104	0.401	0.213	0.282
0.001	0.001	0.997	0.001
>TTCCCACAATGC	12-TTCCCACAATGC	10.523012	-33.592035	0	T:27.0(2.40%),B:144.0(0.32%),P:1e-14	Tpos:113.0,Tstd:47.9,Bpos:83.4,Bstd:63.8,StrandBias:-0.4,Multiplicity:1.00
0.033	0.001	0.183	0.783
0.108	0.029	0.024	0.839
0.001	0.958	0.001	0.040
0.040	0.958	0.001	0.001
0.001	0.973	0.001	0.025
0.877	0.001	0.041	0.081
0.123	0.601	0.161	0.115
0.800	0.077	0.122	0.001
0.847	0.071	0.001	0.081
0.126	0.043	0.214	0.617
0.041	0.001	0.836	0.122
0.041	0.917	0.041	0.001
>CGGAAAAGGGCC	13-CGGAAAAGGGCC	13.498568	-29.950046	0	T:9.0(0.80%),B:6.4(0.01%),P:1e-13	Tpos:77.4,Tstd:58.7,Bpos:86.7,Bstd:30.4,StrandBias:1.0,Multiplicity:1.00
0.103	0.895	0.001	0.001
0.001	0.103	0.895	0.001
0.001	0.001	0.895	0.103
0.997	0.001	0.001	0.001
0.997	0.001	0.001	0.001
0.895	0.001	0.103	0.001
0.895	0.001	0.103	0.001
0.001	0.001	0.997	0.001
0.001	0.001	0.997	0.001
0.001	0.103	0.895	0.001
0.103	0.895	0.001	0.001
0.103	0.830	0.066	0.001
>CGGAAATAGCCG	14-CGGAAATAGCCG	8.705083	-29.878324	0	T:49.0(4.35%),B:548.7(1.23%),P:1e-12	Tpos:89.9,Tstd:52.9,Bpos:93.3,Bstd:76.4,StrandBias:-0.2,Multiplicity:1.12
0.039	0.928	0.032	0.001
0.055	0.001	0.866	0.078
0.001	0.001	0.921	0.077
0.921	0.077	0.001	0.001
0.766	0.117	0.078	0.039
0.811	0.078	0.072	0.039
0.053	0.148	0.226	0.573
0.666	0.130	0.104	0.100
0.078	0.080	0.841	0.001
0.025	0.867	0.069	0.039
0.039	0.936	0.024	0.001
0.039	0.050	0.910	0.001
>GTGTAGCGGTTA	15-GTGTAGCGGTTA	10.130509	-26.514914	0	T:15.0(1.33%),B:47.5(0.11%),P:1e-11	Tpos:100.3,Tstd:62.3,Bpos:98.8,Bstd:71.7,StrandBias:-0.6,Multiplicity:1.00
0.001	0.194	0.708	0.097
0.001	0.001	0.096	0.902
0.001	0.013	0.889	0.097
0.001	0.194	0.001	0.804
0.997	0.001	0.001	0.001
0.096	0.001	0.902	0.001
0.097	0.604	0.001	0.298
0.001	0.001	0.902	0.096
0.097	0.001	0.708	0.194
0.001	0.001	0.001	0.997
0.097	0.097	0.001	0.805
0.805	0.001	0.097	0.097
>AGTRCATGTAGT	16-AGTRCATGTAGT	11.945344	-25.857468	0	T:10.0(0.89%),B:14.6(0.03%),P:1e-11	Tpos:112.5,Tstd:56.6,Bpos:74.7,Bstd:47.4,StrandBias:0.0,Multiplicity:1.00
0.765	0.001	0.001	0.233
0.001	0.233	0.765	0.001
0.001	0.001	0.001	0.997
0.531	0.001	0.467	0.001
0.001	0.765	0.233	0.001
0.997	0.001	0.001	0.001
0.266	0.001	0.001	0.732
0.233	0.001	0.765	0.001
0.014	0.001	0.001	0.984
0.997	0.001	0.001	0.001
0.001	0.001	0.997	0.001
0.001	0.233	0.001	0.765
>GTCTCCGCCTCC	17-GTCTCCGCCTCC	10.953988	-19.511794	0	T:29.0(2.57%),B:307.1(0.69%),P:1e-8	Tpos:95.5,Tstd:52.6,Bpos:91.8,Bstd:66.7,StrandBias:0.7,Multiplicity:1.04
0.270	0.001	0.634	0.095
0.088	0.025	0.027	0.860
0.001	0.867	0.001	0.131
0.001	0.132	0.001	0.866
0.001	0.912	0.001	0.086
0.088	0.704	0.207	0.001
0.149	0.087	0.763	0.001
0.213	0.699	0.087	0.001
0.001	0.882	0.001	0.116
0.001	0.001	0.001	0.997
0.001	0.928	0.001	0.070
0.001	0.949	0.001	0.049
>AGGGAGTGATGC	18-AGGGAGTGATGC	12.355432	-15.673881	0	T:6.0(0.53%),B:9.5(0.02%),P:1e-6	Tpos:101.8,Tstd:64.9,Bpos:109.4,Bstd:92.4,StrandBias:2.3,Multiplicity:1.00
0.700	0.100	0.100	0.100
0.100	0.100	0.700	0.100
0.100	0.100	0.700	0.100
0.100	0.100	0.700	0.100
0.700	0.100	0.100	0.100
0.100	0.100	0.700	0.100
0.100	0.100	0.100	0.700
0.100	0.100	0.700	0.100
0.700	0.100	0.100	0.100
0.100	0.100	0.100	0.700
0.100	0.100	0.700	0.100
0.100	0.700	0.100	0.100
>GTAYCGCRTTHR	19-GTAYCGCRTTHR	7.919466	-14.614078	0	T:34.0(3.02%),B:503.9(1.13%),P:1e-6	Tpos:104.8,Tstd:54.9,Bpos:96.0,Bstd:77.4,StrandBias:1.1,Multiplicity:1.00
0.001	0.335	0.487	0.178
0.001	0.259	0.001	0.739
0.997	0.001	0.001	0.001
0.001	0.360	0.235	0.404
0.001	0.911	0.087	0.001
0.043	0.001	0.955	0.001
0.289	0.491	0.001	0.219
0.307	0.236	0.455	0.001
0.179	0.001	0.001	0.819
0.001	0.320	0.001	0.678
0.288	0.324	0.001	0.387
0.423	0.001	0.440	0.136
>GTGACGTCACGG	20-GTGACGTCACGG	10.361479	-14.302981	0	T:23.0(2.04%),B:266.0(0.60%),P:1e-6	Tpos:132.5,Tstd:44.1,Bpos:82.9,Bstd:73.7,StrandBias:2.3,Multiplicity:1.00
0.001	0.073	0.925	0.001
0.073	0.105	0.001	0.821
0.126	0.073	0.800	0.001
0.687	0.074	0.105	0.134
0.001	0.997	0.001	0.001
0.001	0.060	0.718	0.221
0.074	0.147	0.120	0.659
0.001	0.960	0.038	0.001
0.965	0.001	0.001	0.033
0.001	0.873	0.125	0.001
0.001	0.034	0.892	0.073
0.001	0.112	0.814	0.073
>ATTAACATTGAC	21-ATTAACATTGAC	11.231876	-11.429343	0	T:5.0(0.44%),B:11.5(0.03%),P:1e-4	Tpos:121.5,Tstd:52.9,Bpos:111.0,Bstd:66.2,StrandBias:0.6,Multiplicity:2.00
0.997	0.001	0.001	0.001
0.001	0.001	0.167	0.831
0.001	0.001	0.008	0.990
0.680	0.001	0.001	0.318
0.681	0.159	0.001	0.159
0.001	0.831	0.001	0.167
0.997	0.001	0.001	0.001
0.001	0.159	0.001	0.839
0.159	0.001	0.159	0.681
0.001	0.159	0.839	0.001
0.681	0.159	0.159	0.001
0.008	0.990	0.001	0.001
>TAATCATCATGA	22-TAATCATCATGA	12.278723	-6.904531	0	T:4.0(0.35%),B:17.8(0.04%),P:1e-2	Tpos:55.2,Tstd:34.3,Bpos:93.5,Bstd:43.2,StrandBias:3.3,Multiplicity:1.00
0.334	0.001	0.001	0.664
0.647	0.351	0.001	0.001
0.997	0.001	0.001	0.001
0.001	0.001	0.001	0.997
0.010	0.988	0.001	0.001
0.997	0.001	0.001	0.001
0.001	0.334	0.001	0.664
0.001	0.997	0.001	0.001
0.735	0.263	0.001	0.001
0.001	0.001	0.001	0.997
0.001	0.365	0.633	0.001
0.723	0.275	0.001	0.001
>GAGAGGATGGGC	23-GAGAGGATGGGC	12.355432	-5.904149	0	T:2.0(0.18%),B:3.7(0.01%),P:1e-2	Tpos:120.0,Tstd:59.5,Bpos:87.7,Bstd:33.0,StrandBias:-2.3,Multiplicity:3.00
0.100	0.100	0.700	0.100
0.700	0.100	0.100	0.100
0.100	0.100	0.700	0.100
0.700	0.100	0.100	0.100
0.100	0.100	0.700	0.100
0.100	0.100	0.700	0.100
0.700	0.100	0.100	0.100
0.100	0.100	0.100	0.700
0.100	0.100	0.700	0.100
0.100	0.100	0.700	0.100
0.100	0.100	0.700	0.100
0.100	0.700	0.100	0.100
>CCCTCGCTTCCG	24-CCCTCGCTTCCG	12.355432	-4.915836	0	T:2.0(0.18%),B:6.0(0.01%),P:1e-2	Tpos:108.2,Tstd:49.0,Bpos:113.5,Bstd:8.2,StrandBias:-2.3,Multiplicity:3.00
0.100	0.700	0.100	0.100
0.100	0.700	0.100	0.100
0.100	0.700	0.100	0.100
0.100	0.100	0.100	0.700
0.100	0.700	0.100	0.100
0.100	0.100	0.700	0.100
0.100	0.700	0.100	0.100
0.100	0.100	0.100	0.700
0.100	0.100	0.100	0.700
0.100	0.700	0.100	0.100
0.100	0.700	0.100	0.100
0.100	0.100	0.700	0.100
>GGAGGAGCAACG	25-GGAGGAGCAACG	12.355432	-3.691126	0	T:1.0(0.09%),B:0.0(0.00%),P:1e-1	Tpos:84.5,Tstd:52.9,Bpos:0.0,Bstd:0.0,StrandBias:10.0,Multiplicity:6.00
0.100	0.100	0.700	0.100
0.100	0.100	0.700	0.100
0.700	0.100	0.100	0.100
0.100	0.100	0.700	0.100
0.100	0.100	0.700	0.100
0.700	0.100	0.100	0.100
0.100	0.100	0.700	0.100
0.100	0.700	0.100	0.100
0.700	0.100	0.100	0.100
0.700	0.100	0.100	0.100
0.100	0.700	0.100	0.100
0.100	0.100	0.700	0.100
