>CTCATTTGCTTA	11-CTCATTTGCTTA	7.740592	-893.827738	0	T:2706.0(6.64%),B:1061.2(2.66%),P:1e-388
0.063	0.700	0.134	0.103
0.057	0.031	0.048	0.864
0.257	0.520	0.205	0.018
0.668	0.058	0.230	0.044
0.048	0.021	0.099	0.832
0.005	0.059	0.085	0.851
0.021	0.007	0.021	0.951
0.025	0.170	0.767	0.038
0.083	0.516	0.221	0.180
0.218	0.292	0.028	0.462
0.069	0.027	0.029	0.875
0.506	0.158	0.281	0.055
