>WGGGGAATTCCC	10-GGGAATTCCCCW	9.004229	-914.006080	0	T:1337.0(3.28%),B:313.4(0.78%),P:1e-396
0.364	0.082	0.154	0.401
0.073	0.001	0.785	0.141
0.013	0.001	0.976	0.010
0.002	0.001	0.980	0.017
0.245	0.005	0.736	0.014
0.684	0.181	0.071	0.064
0.490	0.116	0.068	0.325
0.113	0.044	0.302	0.541
0.034	0.394	0.026	0.546
0.015	0.932	0.001	0.052
0.011	0.980	0.001	0.008
0.048	0.915	0.001	0.036
