>GGGARTTGTAGT	16-GGGARTTGTAGT,BestGuess:GFY(?)/Promoter/Homer(0.976)	11.067342	-296.649202	0	T:442.0(1.08%),B:105.7(0.26%),P:1e-128
0.071	0.008	0.911	0.010
0.034	0.010	0.948	0.008
0.030	0.026	0.908	0.036
0.834	0.043	0.028	0.095
0.352	0.200	0.267	0.182
0.206	0.164	0.083	0.547
0.026	0.023	0.060	0.891
0.014	0.026	0.930	0.030
0.018	0.040	0.006	0.936
0.873	0.010	0.086	0.031
0.012	0.014	0.959	0.015
0.008	0.014	0.064	0.914
