>NNRCAGGAAGTR	2-NNRCAGGAAGTR	7.454539	-3859.229963	0	T:11192.0(27.47%),B:4599.9(11.52%),P:1e-1676
0.313	0.231	0.209	0.248
0.342	0.203	0.210	0.245
0.416	0.128	0.283	0.173
0.137	0.543	0.298	0.022
0.852	0.129	0.014	0.005
0.012	0.001	0.986	0.001
0.051	0.015	0.930	0.004
0.937	0.039	0.023	0.001
0.918	0.001	0.022	0.059
0.215	0.060	0.723	0.002
0.069	0.285	0.117	0.529
0.267	0.189	0.364	0.180
