>GMTMTCGCGAKA	23-TMTCGCGAKAKC	9.021841	-159.524396	0	T:247.0(0.61%),B:61.0(0.15%),P:1e-69
0.360	0.020	0.518	0.102
0.304	0.409	0.229	0.058
0.035	0.071	0.053	0.841
0.444	0.554	0.001	0.001
0.035	0.037	0.002	0.926
0.035	0.929	0.035	0.001
0.053	0.069	0.860	0.018
0.001	0.893	0.053	0.053
0.001	0.017	0.981	0.001
0.856	0.053	0.056	0.035
0.001	0.001	0.460	0.538
0.839	0.035	0.108	0.018
