>TMTCGCGAKAKC	23-TMTCGCGAKAKC,BestGuess:GFX(?)/Promoter/Homer(0.919)	9.021841	-159.524396	0	T:247.0(0.61%),B:61.0(0.15%),P:1e-69
0.018	0.108	0.035	0.839
0.538	0.460	0.001	0.001
0.035	0.056	0.053	0.856
0.001	0.981	0.017	0.001
0.053	0.053	0.893	0.001
0.018	0.860	0.069	0.053
0.001	0.035	0.929	0.035
0.926	0.002	0.037	0.035
0.001	0.001	0.554	0.444
0.841	0.053	0.071	0.035
0.058	0.229	0.409	0.304
0.102	0.518	0.020	0.360
