>RAAARCAGAAGY	13-RAAARCAGAAGY	9.859494	-625.852989	0	T:1203.0(2.95%),B:351.5(0.88%),P:1e-271
0.398	0.086	0.435	0.081
0.722	0.010	0.263	0.005
0.956	0.001	0.013	0.030
0.804	0.001	0.069	0.126
0.357	0.155	0.463	0.025
0.075	0.687	0.234	0.004
0.845	0.001	0.001	0.153
0.272	0.086	0.641	0.001
0.914	0.084	0.001	0.001
0.813	0.001	0.078	0.108
0.169	0.280	0.509	0.042
0.026	0.371	0.090	0.513
