>CGCCCCTGAGTT	24-AACTCAGGGGCG	11.621301	-111.647102	0	T:173.0(0.42%),B:43.7(0.11%),P:1e-48
0.136	0.723	0.075	0.066
0.170	0.094	0.627	0.109
0.035	0.889	0.020	0.056
0.039	0.928	0.020	0.013
0.095	0.816	0.033	0.056
0.017	0.893	0.030	0.060
0.040	0.013	0.017	0.930
0.037	0.017	0.926	0.020
0.810	0.032	0.080	0.078
0.109	0.060	0.814	0.017
0.013	0.097	0.092	0.798
0.023	0.046	0.077	0.854
