>GTTTCACTTTCA	8-GTTTCACTTTCA	9.212860	-1296.536893	0	T:2176.0(5.34%),B:576.2(1.44%),P:1e-563
0.070	0.242	0.614	0.074
0.010	0.050	0.011	0.929
0.021	0.031	0.012	0.936
0.012	0.017	0.029	0.942
0.014	0.873	0.019	0.094
0.787	0.115	0.030	0.068
0.112	0.533	0.126	0.229
0.043	0.007	0.015	0.935
0.030	0.058	0.035	0.877
0.017	0.033	0.017	0.933
0.022	0.884	0.036	0.058
0.759	0.060	0.018	0.163
