>CCTCTTGGGTGA	20-CCTCTTGGGTGA,BestGuess:SREBF1/MA0595.1/Jaspar(0.661)	9.625988	-236.858323	0	T:241.0(0.59%),B:39.4(0.10%),P:1e-102
0.261	0.466	0.019	0.254
0.087	0.761	0.120	0.032
0.288	0.113	0.068	0.531
0.038	0.636	0.036	0.290
0.052	0.036	0.155	0.757
0.103	0.086	0.263	0.548
0.096	0.119	0.752	0.033
0.133	0.134	0.534	0.199
0.018	0.127	0.567	0.288
0.121	0.108	0.234	0.537
0.032	0.149	0.711	0.108
0.778	0.057	0.046	0.119
