>GGGAATTCCCCW	10-GGGAATTCCCCW,BestGuess:NFKB2/MA0778.1/Jaspar(0.943)	9.004229	-914.006080	0	T:1337.0(3.28%),B:313.4(0.78%),P:1e-396
0.036	0.001	0.915	0.048
0.008	0.001	0.980	0.011
0.052	0.001	0.932	0.015
0.546	0.026	0.394	0.034
0.541	0.302	0.044	0.113
0.325	0.068	0.116	0.490
0.064	0.071	0.181	0.684
0.014	0.736	0.005	0.245
0.017	0.980	0.001	0.002
0.010	0.976	0.001	0.013
0.141	0.785	0.001	0.073
0.401	0.154	0.082	0.364
