>TTTCACTTCCKC	5-TTTCACTTCCKC	9.160284	-2779.601561	0	T:2836.0(6.96%),B:466.3(1.17%),P:1e-1207
0.021	0.086	0.027	0.866
0.011	0.154	0.071	0.764
0.007	0.043	0.022	0.928
0.010	0.952	0.014	0.024
0.925	0.032	0.009	0.034
0.019	0.758	0.117	0.106
0.052	0.005	0.001	0.942
0.005	0.011	0.016	0.968
0.006	0.963	0.005	0.026
0.033	0.753	0.005	0.209
0.038	0.226	0.398	0.339
0.015	0.781	0.048	0.156
