>TCACCCAAGAGG	20-CCTCTTGGGTGA	9.625988	-236.858323	0	T:241.0(0.59%),B:39.4(0.10%),P:1e-102
0.119	0.046	0.057	0.778
0.108	0.711	0.149	0.032
0.537	0.234	0.108	0.121
0.288	0.567	0.127	0.018
0.199	0.534	0.134	0.133
0.033	0.752	0.119	0.096
0.548	0.263	0.086	0.103
0.757	0.155	0.036	0.052
0.290	0.036	0.636	0.038
0.531	0.068	0.113	0.288
0.032	0.120	0.761	0.087
0.254	0.019	0.466	0.261
