>GCGCATGCGCRS	15-GCGCATGCGCRS,BestGuess:NRF1(NRF)/MCF7-NRF1-ChIP-Seq(Unpublished)/Homer(0.981)	9.832554	-321.951187	0	T:1242.0(3.05%),B:545.8(1.37%),P:1e-139
0.189	0.002	0.806	0.003
0.102	0.866	0.029	0.003
0.038	0.004	0.954	0.004
0.020	0.925	0.036	0.019
0.710	0.209	0.016	0.065
0.064	0.047	0.220	0.669
0.023	0.030	0.942	0.005
0.040	0.899	0.004	0.057
0.005	0.028	0.842	0.125
0.003	0.778	0.020	0.199
0.439	0.173	0.304	0.084
0.152	0.298	0.389	0.161
