>AACTCAGGGGCG	24-AACTCAGGGGCG,BestGuess:PB0110.1_Bcl6b_2/Jaspar(0.628)	11.621301	-111.647102	0	T:173.0(0.42%),B:43.7(0.11%),P:1e-48
0.854	0.077	0.046	0.023
0.798	0.092	0.097	0.013
0.017	0.814	0.060	0.109
0.078	0.080	0.032	0.810
0.020	0.926	0.017	0.037
0.930	0.017	0.013	0.040
0.060	0.030	0.893	0.017
0.056	0.033	0.816	0.095
0.013	0.020	0.928	0.039
0.056	0.020	0.889	0.035
0.109	0.627	0.094	0.170
0.066	0.075	0.723	0.136
