>BCTGCTTTGCAT	14-BCTGCTTTGCAT	10.849521	-121.561248	0	T:46.0(0.66%),B:8.4(0.02%),P:1e-52
0.037	0.271	0.402	0.290
0.193	0.558	0.026	0.223
0.172	0.031	0.026	0.771
0.020	0.001	0.896	0.083
0.026	0.576	0.021	0.377
0.036	0.082	0.010	0.872
0.016	0.064	0.200	0.720
0.031	0.026	0.001	0.942
0.042	0.120	0.760	0.078
0.174	0.491	0.174	0.162
0.683	0.221	0.001	0.095
0.308	0.038	0.083	0.571
