>CGCTGTGGTTTG	15-CGCTGTGGTTTG	7.554782	-113.668960	0	T:783.0(11.21%),B:2717.1(6.43%),P:1e-49
0.187	0.442	0.201	0.170
0.114	0.106	0.603	0.177
0.083	0.729	0.116	0.072
0.098	0.029	0.014	0.859
0.004	0.070	0.880	0.046
0.087	0.017	0.072	0.824
0.019	0.010	0.928	0.043
0.037	0.112	0.770	0.081
0.041	0.105	0.083	0.771
0.037	0.126	0.120	0.717
0.081	0.020	0.113	0.786
0.087	0.113	0.693	0.107
