>GGGAHTTGTAGT	19-GGGAHTTGTAGT,BestGuess:GFY(?)/Promoter/Homer(0.964)	9.907711	-71.805294	0	T:109.0(1.56%),B:167.9(0.40%),P:1e-31
0.044	0.001	0.954	0.001
0.065	0.001	0.933	0.001
0.043	0.001	0.869	0.087
0.705	0.044	0.110	0.141
0.332	0.288	0.181	0.200
0.167	0.139	0.176	0.518
0.121	0.154	0.022	0.703
0.001	0.001	0.955	0.043
0.022	0.065	0.001	0.912
0.944	0.001	0.033	0.022
0.021	0.001	0.977	0.001
0.022	0.001	0.022	0.955
