>AGGGGATTTCCC	12-GGGAAATCCCCT	8.249426	-152.764825	0	T:407.0(5.83%),B:925.3(2.19%),P:1e-66
0.478	0.036	0.178	0.309
0.075	0.003	0.890	0.032
0.083	0.019	0.890	0.008
0.005	0.001	0.818	0.176
0.256	0.154	0.539	0.051
0.481	0.292	0.129	0.099
0.238	0.236	0.086	0.440
0.019	0.105	0.212	0.664
0.011	0.335	0.054	0.600
0.011	0.909	0.040	0.040
0.023	0.975	0.001	0.001
0.145	0.678	0.011	0.166
