>NMACCGAAACNN	11-NNGTTTCGGTKN	5.652998	-164.057601	0	T:470.0(6.73%),B:1115.7(2.64%),P:1e-71
0.216	0.274	0.252	0.258
0.364	0.259	0.188	0.188
0.586	0.151	0.154	0.109
0.117	0.631	0.162	0.090
0.121	0.483	0.223	0.173
0.165	0.159	0.522	0.154
0.578	0.143	0.125	0.154
0.620	0.133	0.106	0.141
0.614	0.121	0.167	0.098
0.127	0.656	0.124	0.093
0.289	0.250	0.199	0.261
0.303	0.205	0.285	0.207
