>TGGTGACGTCAT	20-TGGTGACGTCAT	7.744974	-58.579797	0	T:250.0(3.58%),B:722.3(1.71%),P:1e-25
0.101	0.096	0.103	0.700
0.098	0.046	0.789	0.067
0.120	0.107	0.712	0.061
0.057	0.017	0.060	0.866
0.048	0.075	0.809	0.068
0.836	0.060	0.049	0.055
0.102	0.618	0.153	0.127
0.135	0.128	0.607	0.130
0.074	0.062	0.062	0.802
0.068	0.793	0.079	0.060
0.809	0.062	0.054	0.075
0.081	0.123	0.134	0.662
