>GTGACAGCTGTT	18-GTGACAGCTGTT	7.354775	-88.711779	0	T:598.0(8.56%),B:2053.2(4.86%),P:1e-38
0.091	0.133	0.690	0.086
0.111	0.050	0.098	0.741
0.087	0.131	0.723	0.059
0.715	0.099	0.096	0.090
0.079	0.776	0.090	0.055
0.842	0.034	0.038	0.086
0.055	0.068	0.780	0.097
0.085	0.758	0.079	0.078
0.080	0.049	0.046	0.825
0.051	0.075	0.783	0.091
0.076	0.124	0.099	0.701
0.092	0.120	0.120	0.668
