>GGAAGTGAAAST	4-GGAAGTGAAAST	9.526610	-1062.419441	0	T:603.0(8.64%),B:259.4(0.61%),P:1e-461
0.267	0.010	0.640	0.083
0.303	0.037	0.628	0.032
0.877	0.009	0.055	0.059
0.888	0.021	0.026	0.065
0.148	0.311	0.485	0.056
0.131	0.100	0.054	0.715
0.090	0.028	0.861	0.021
0.876	0.028	0.079	0.017
0.712	0.109	0.141	0.038
0.845	0.043	0.023	0.089
0.080	0.489	0.347	0.083
0.152	0.289	0.040	0.519
