>GGAGGCAGTGCT	22-AGCACTGCCTCC	12.480052	-23.071006	0	T:9.0(0.13%),B:2.4(0.01%),P:1e-10
0.034	0.079	0.772	0.115
0.075	0.082	0.787	0.056
0.828	0.045	0.019	0.108
0.056	0.034	0.899	0.011
0.034	0.041	0.831	0.094
0.067	0.902	0.030	0.001
0.779	0.067	0.045	0.109
0.034	0.086	0.824	0.056
0.071	0.045	0.011	0.873
0.022	0.053	0.846	0.079
0.034	0.837	0.022	0.107
0.045	0.077	0.045	0.833
