>NNGTTTCGGTKN	11-NNGTTTCGGTKN,BestGuess:IRF6/MA1509.1/Jaspar(0.912)	5.652998	-164.057601	0	T:470.0(6.73%),B:1115.7(2.64%),P:1e-71
0.207	0.285	0.205	0.303
0.261	0.199	0.250	0.289
0.093	0.124	0.656	0.127
0.098	0.167	0.121	0.614
0.141	0.106	0.133	0.620
0.154	0.125	0.143	0.578
0.154	0.522	0.159	0.165
0.173	0.223	0.483	0.121
0.090	0.162	0.631	0.117
0.109	0.154	0.151	0.586
0.188	0.188	0.259	0.364
0.258	0.252	0.274	0.216
