>TGACTCACTTCC	10-TGACTCACTTCC	7.341423	-238.736196	0	T:706.0(10.11%),B:1717.1(4.06%),P:1e-103
0.101	0.059	0.076	0.764
0.080	0.109	0.720	0.091
0.703	0.096	0.089	0.112
0.063	0.739	0.129	0.069
0.099	0.080	0.040	0.781
0.060	0.740	0.117	0.083
0.792	0.080	0.045	0.083
0.040	0.745	0.115	0.100
0.093	0.098	0.036	0.773
0.056	0.088	0.104	0.752
0.057	0.755	0.084	0.104
0.094	0.736	0.046	0.124
