>DSTTCCTCAWWN	8-DSTTCCTCAWWN	9.044016	-351.334307	0	T:360.0(5.16%),B:368.7(0.87%),P:1e-152
0.364	0.162	0.241	0.233
0.070	0.453	0.402	0.075
0.021	0.020	0.039	0.920
0.021	0.051	0.035	0.893
0.100	0.796	0.037	0.067
0.014	0.929	0.012	0.045
0.055	0.333	0.008	0.604
0.041	0.866	0.059	0.034
0.812	0.093	0.008	0.087
0.323	0.101	0.168	0.408
0.375	0.153	0.194	0.278
0.275	0.254	0.178	0.294
