>AGCACTGCCTCC	22-AGCACTGCCTCC,BestGuess:PU.1(ETS)/ThioMac-PU.1-ChIP-Seq(GSE21512)/Homer(0.679)	12.480052	-23.071006	0	T:9.0(0.13%),B:2.4(0.01%),P:1e-10
0.833	0.045	0.077	0.045
0.107	0.022	0.837	0.034
0.079	0.846	0.053	0.022
0.873	0.011	0.045	0.071
0.056	0.824	0.086	0.034
0.109	0.045	0.067	0.779
0.001	0.030	0.902	0.067
0.094	0.831	0.041	0.034
0.011	0.899	0.034	0.056
0.108	0.019	0.045	0.828
0.056	0.787	0.082	0.075
0.115	0.772	0.079	0.034
