>ACTTCCTCTT	1-ACTTCCTCTT	7.845748	-1993.851945	0	T:2088.0(29.91%),B:2436.7(5.76%),P:1e-865	Tpos:100.5,Tstd:49.4,Bpos:100.6,Bstd:59.7,StrandBias:0.1,Multiplicity:1.18
0.839	0.002	0.128	0.031
0.002	0.777	0.181	0.040
0.015	0.011	0.008	0.966
0.003	0.002	0.003	0.992
0.003	0.901	0.007	0.089
0.001	0.876	0.004	0.119
0.069	0.188	0.147	0.596
0.026	0.676	0.194	0.104
0.196	0.121	0.011	0.672
0.154	0.074	0.064	0.708
>ASMGGAAGYR	2-ASMGGAAGYR	6.164769	-1567.674534	0	T:3785.0(54.21%),B:9792.0(23.17%),P:1e-680	Tpos:102.6,Tstd:52.6,Bpos:98.8,Bstd:60.7,StrandBias:-0.1,Multiplicity:1.21
0.412	0.100	0.239	0.249
0.211	0.430	0.283	0.076
0.375	0.405	0.219	0.001
0.001	0.001	0.997	0.001
0.044	0.066	0.889	0.001
0.997	0.001	0.001	0.001
0.736	0.006	0.013	0.245
0.288	0.193	0.518	0.001
0.017	0.364	0.113	0.506
0.279	0.182	0.375	0.163
>AAAVCGRAAC	3-AAAVCGRAAC	6.659299	-1417.191212	0	T:1806.0(25.87%),B:2531.4(5.99%),P:1e-615	Tpos:97.6,Tstd:52.1,Bpos:99.7,Bstd:62.1,StrandBias:-0.0,Multiplicity:1.14
0.493	0.049	0.329	0.129
0.714	0.118	0.063	0.105
0.567	0.110	0.164	0.159
0.200	0.343	0.320	0.138
0.211	0.421	0.188	0.180
0.172	0.011	0.809	0.008
0.410	0.121	0.437	0.032
0.854	0.058	0.026	0.062
0.876	0.030	0.058	0.036
0.063	0.492	0.326	0.118
>TATGCAAATN	4-TATGCAAATN	7.944446	-1362.346312	0	T:1088.0(15.58%),B:842.9(1.99%),P:1e-591	Tpos:99.2,Tstd:49.9,Bpos:95.8,Bstd:61.5,StrandBias:-0.1,Multiplicity:1.12
0.152	0.221	0.136	0.491
0.927	0.007	0.022	0.044
0.042	0.011	0.048	0.899
0.020	0.002	0.864	0.114
0.010	0.898	0.022	0.070
0.970	0.013	0.001	0.016
0.951	0.009	0.014	0.026
0.993	0.001	0.003	0.003
0.069	0.069	0.125	0.737
0.232	0.272	0.235	0.261
>TTTCASTTCC	5-TTTCASTTCC	9.320016	-1029.926147	0	T:820.0(11.74%),B:621.3(1.47%),P:1e-447	Tpos:98.3,Tstd:48.8,Bpos:100.4,Bstd:64.3,StrandBias:-0.2,Multiplicity:1.05
0.026	0.019	0.029	0.926
0.018	0.149	0.091	0.742
0.017	0.039	0.013	0.931
0.012	0.913	0.017	0.058
0.694	0.006	0.150	0.150
0.008	0.472	0.402	0.119
0.034	0.014	0.023	0.929
0.021	0.006	0.005	0.968
0.008	0.645	0.002	0.345
0.028	0.782	0.034	0.156
>AKGCAAATBA	6-AKGCAAATBA	4.294518	-605.542239	0	T:1385.0(19.84%),B:2989.6(7.07%),P:1e-262	Tpos:99.5,Tstd:52.4,Bpos:100.4,Bstd:62.6,StrandBias:0.0,Multiplicity:1.06
0.997	0.001	0.001	0.001
0.116	0.049	0.380	0.455
0.001	0.001	0.689	0.309
0.001	0.696	0.302	0.001
0.997	0.001	0.001	0.001
0.997	0.001	0.001	0.001
0.997	0.001	0.001	0.001
0.001	0.258	0.001	0.740
0.001	0.347	0.310	0.342
0.977	0.001	0.001	0.021
>RRCCAATCRG	7-RRCCAATCRG	7.380307	-520.053762	0	T:830.0(11.89%),B:1341.7(3.17%),P:1e-225	Tpos:100.0,Tstd:51.8,Bpos:93.4,Bstd:61.6,StrandBias:-0.1,Multiplicity:1.32
0.427	0.205	0.307	0.062
0.349	0.109	0.413	0.129
0.001	0.995	0.001	0.003
0.127	0.763	0.109	0.001
0.894	0.001	0.015	0.090
0.995	0.003	0.001	0.001
0.001	0.100	0.033	0.866
0.169	0.485	0.206	0.140
0.431	0.154	0.414	0.001
0.179	0.212	0.393	0.216
>YBATTGGBYR	8-YBATTGGBYR	6.895574	-474.883529	0	T:841.0(12.05%),B:1477.5(3.50%),P:1e-206	Tpos:105.3,Tstd:52.9,Bpos:94.3,Bstd:60.3,StrandBias:0.1,Multiplicity:1.09
0.049	0.380	0.211	0.360
0.128	0.233	0.332	0.307
0.974	0.001	0.024	0.001
0.111	0.008	0.179	0.702
0.223	0.033	0.012	0.732
0.193	0.001	0.805	0.001
0.001	0.001	0.997	0.001
0.146	0.355	0.285	0.214
0.007	0.417	0.183	0.393
0.369	0.214	0.342	0.075
>GGCCMCRCCC	9-GGCCMCRCCC	6.980440	-386.489236	0	T:1918.0(27.47%),B:6186.9(14.64%),P:1e-167	Tpos:99.3,Tstd:56.6,Bpos:97.7,Bstd:60.6,StrandBias:0.0,Multiplicity:1.12
0.271	0.001	0.563	0.165
0.327	0.081	0.523	0.069
0.141	0.578	0.124	0.157
0.001	0.609	0.001	0.389
0.439	0.559	0.001	0.001
0.105	0.730	0.001	0.164
0.377	0.001	0.505	0.117
0.001	0.997	0.001	0.001
0.001	0.997	0.001	0.001
0.001	0.783	0.001	0.215
>GGGGCGGGSC	10-GGGGCGGGSC	7.094422	-372.786364	0	T:1623.0(23.25%),B:4915.1(11.63%),P:1e-161	Tpos:99.6,Tstd:55.8,Bpos:94.0,Bstd:59.1,StrandBias:-0.1,Multiplicity:1.44
0.284	0.053	0.468	0.195
0.400	0.005	0.594	0.001
0.001	0.001	0.992	0.006
0.021	0.001	0.977	0.001
0.133	0.628	0.001	0.238
0.097	0.001	0.901	0.001
0.001	0.001	0.706	0.292
0.335	0.001	0.517	0.147
0.216	0.261	0.378	0.145
0.141	0.538	0.030	0.291
>AAAGCAGAAC	11-AAAGCAGAAC	9.028994	-223.762344	0	T:454.0(6.50%),B:867.1(2.05%),P:1e-97	Tpos:105.3,Tstd:53.0,Bpos:99.7,Bstd:64.6,StrandBias:-0.3,Multiplicity:1.03
0.821	0.035	0.143	0.001
0.767	0.001	0.123	0.109
0.955	0.028	0.016	0.001
0.192	0.001	0.806	0.001
0.001	0.767	0.175	0.057
0.972	0.001	0.001	0.026
0.001	0.001	0.997	0.001
0.997	0.001	0.001	0.001
0.822	0.055	0.001	0.122
0.029	0.632	0.338	0.001
>KRTGASTCAB	12-KRTGASTCAB	6.820339	-217.902189	0	T:915.0(13.11%),B:2655.9(6.28%),P:1e-94	Tpos:97.0,Tstd:53.2,Bpos:99.2,Bstd:63.0,StrandBias:-0.1,Multiplicity:1.09
0.180	0.184	0.275	0.361
0.390	0.118	0.298	0.194
0.001	0.001	0.001	0.997
0.001	0.203	0.613	0.183
0.997	0.001	0.001	0.001
0.006	0.545	0.403	0.046
0.120	0.001	0.126	0.753
0.236	0.666	0.097	0.001
0.983	0.001	0.001	0.015
0.127	0.302	0.215	0.356
>CWAACCACAR	13-CWAACCACAR	8.840013	-160.622982	0	T:446.0(6.39%),B:1039.0(2.46%),P:1e-69	Tpos:101.5,Tstd:53.0,Bpos:99.6,Bstd:61.9,StrandBias:0.1,Multiplicity:1.04
0.108	0.528	0.186	0.178
0.442	0.163	0.001	0.394
0.869	0.001	0.129	0.001
0.997	0.001	0.001	0.001
0.001	0.997	0.001	0.001
0.001	0.997	0.001	0.001
0.997	0.001	0.001	0.001
0.001	0.997	0.001	0.001
0.940	0.001	0.023	0.036
0.370	0.179	0.265	0.185
>ACAGCTGTBD	14-ACAGCTGTBD	6.732413	-148.783129	0	T:1468.0(21.03%),B:5737.2(13.57%),P:1e-64	Tpos:101.0,Tstd:53.6,Bpos:100.6,Bstd:63.4,StrandBias:0.0,Multiplicity:1.14
0.456	0.231	0.186	0.127
0.001	0.973	0.025	0.001
0.997	0.001	0.001	0.001
0.015	0.115	0.663	0.207
0.232	0.727	0.038	0.003
0.036	0.029	0.001	0.934
0.041	0.078	0.815	0.066
0.075	0.254	0.202	0.470
0.109	0.329	0.240	0.322
0.269	0.176	0.349	0.206
>CTATTTTTAG	15-CTATTTTTAG	6.896870	-137.812777	0	T:614.0(8.79%),B:1810.8(4.28%),P:1e-59	Tpos:101.4,Tstd:56.0,Bpos:99.6,Bstd:61.0,StrandBias:0.2,Multiplicity:1.03
0.030	0.860	0.078	0.032
0.043	0.020	0.017	0.920
0.837	0.055	0.102	0.006
0.080	0.096	0.086	0.738
0.180	0.015	0.021	0.784
0.067	0.060	0.015	0.858
0.120	0.069	0.026	0.785
0.063	0.069	0.107	0.761
0.758	0.046	0.160	0.036
0.080	0.167	0.701	0.052
>NHDKWAACSG	16-NHDKWAACSG	4.960377	-126.307501	0	T:1398.0(20.02%),B:5605.3(13.26%),P:1e-54	Tpos:99.3,Tstd:55.9,Bpos:99.8,Bstd:64.0,StrandBias:0.1,Multiplicity:1.10
0.231	0.179	0.275	0.316
0.282	0.346	0.017	0.355
0.320	0.013	0.279	0.388
0.013	0.038	0.478	0.471
0.441	0.037	0.011	0.511
0.767	0.105	0.075	0.053
0.782	0.084	0.080	0.054
0.071	0.800	0.080	0.049
0.217	0.429	0.344	0.010
0.101	0.075	0.754	0.070
>CCATGGCAAC	17-CCATGGCAAC	7.800816	-122.265625	0	T:300.0(4.30%),B:648.8(1.53%),P:1e-53	Tpos:103.7,Tstd:52.9,Bpos:92.0,Bstd:61.0,StrandBias:0.3,Multiplicity:1.11
0.059	0.849	0.025	0.067
0.001	0.863	0.001	0.135
0.892	0.020	0.032	0.056
0.001	0.001	0.051	0.947
0.084	0.001	0.914	0.001
0.030	0.001	0.968	0.001
0.055	0.807	0.034	0.104
0.997	0.001	0.001	0.001
0.986	0.012	0.001	0.001
0.001	0.997	0.001	0.001
>GGGGATTTCC	18-GGGGATTTCC	7.624862	-120.886122	0	T:345.0(4.94%),B:815.7(1.93%),P:1e-52	Tpos:102.7,Tstd:56.5,Bpos:97.4,Bstd:55.2,StrandBias:-0.1,Multiplicity:1.05
0.052	0.048	0.797	0.103
0.049	0.060	0.887	0.004
0.016	0.043	0.769	0.172
0.291	0.055	0.516	0.138
0.522	0.204	0.180	0.094
0.306	0.084	0.014	0.596
0.090	0.020	0.198	0.692
0.075	0.310	0.011	0.604
0.085	0.769	0.049	0.097
0.058	0.903	0.007	0.032
>NRTGACGTCA	19-NRTGACGTCA	6.836984	-113.982864	0	T:793.0(11.36%),B:2761.4(6.53%),P:1e-49	Tpos:103.2,Tstd:55.4,Bpos:99.1,Bstd:62.2,StrandBias:0.0,Multiplicity:1.06
0.269	0.249	0.232	0.250
0.348	0.229	0.396	0.026
0.001	0.001	0.001	0.997
0.001	0.151	0.630	0.218
0.945	0.001	0.001	0.053
0.117	0.526	0.191	0.166
0.185	0.181	0.633	0.001
0.001	0.001	0.001	0.997
0.244	0.513	0.142	0.101
0.977	0.020	0.001	0.002
>TCCCCWGGGR	20-TCCCCWGGGR	9.520793	-89.287739	0	T:238.0(3.41%),B:541.1(1.28%),P:1e-38	Tpos:103.9,Tstd:48.7,Bpos:97.6,Bstd:55.3,StrandBias:-0.1,Multiplicity:1.03
0.037	0.085	0.056	0.822
0.001	0.997	0.001	0.001
0.001	0.919	0.010	0.070
0.001	0.944	0.001	0.054
0.001	0.966	0.001	0.032
0.424	0.001	0.001	0.574
0.001	0.001	0.850	0.148
0.267	0.023	0.709	0.001
0.001	0.001	0.997	0.001
0.315	0.136	0.427	0.122
>KTRGCHACYM	21-KTRGCHACYM	5.017888	-71.731142	0	T:1238.0(17.73%),B:5418.8(12.82%),P:1e-31	Tpos:101.2,Tstd:54.7,Bpos:100.5,Bstd:62.8,StrandBias:-0.1,Multiplicity:1.08
0.121	0.183	0.383	0.313
0.206	0.068	0.180	0.546
0.444	0.042	0.512	0.002
0.277	0.084	0.484	0.156
0.048	0.529	0.050	0.373
0.397	0.313	0.003	0.288
0.551	0.031	0.380	0.038
0.131	0.543	0.256	0.070
0.153	0.412	0.152	0.283
0.419	0.412	0.052	0.117
>CAGGAACTGA	22-CAGGAACTGA	12.719415	-39.926666	0	T:60.0(0.86%),B:93.5(0.22%),P:1e-17	Tpos:79.7,Tstd:56.6,Bpos:79.1,Bstd:67.7,StrandBias:-0.4,Multiplicity:1.00
0.002	0.996	0.001	0.001
0.997	0.001	0.001	0.001
0.001	0.001	0.915	0.083
0.001	0.062	0.936	0.001
0.997	0.001	0.001	0.001
0.938	0.052	0.009	0.001
0.326	0.672	0.001	0.001
0.059	0.004	0.001	0.936
0.326	0.001	0.672	0.001
0.948	0.001	0.050	0.001
>CTTAAMYTAC	23-CTTAAMYTAC	10.752557	-34.348608	0	T:27.0(0.39%),B:21.3(0.05%),P:1e-14	Tpos:107.0,Tstd:49.6,Bpos:86.4,Bstd:55.0,StrandBias:-0.5,Multiplicity:1.00
0.001	0.997	0.001	0.001
0.001	0.001	0.001	0.997
0.001	0.001	0.001	0.997
0.997	0.001	0.001	0.001
0.562	0.324	0.113	0.001
0.458	0.540	0.001	0.001
0.039	0.521	0.001	0.439
0.323	0.001	0.179	0.498
0.997	0.001	0.001	0.001
0.001	0.997	0.001	0.001
>AAGTGAGCGT	24-AAGTGAGCGT	10.296193	-16.568802	0	T:7.0(0.10%),B:2.8(0.01%),P:1e-7	Tpos:101.4,Tstd:52.5,Bpos:176.0,Bstd:0.0,StrandBias:-2.8,Multiplicity:1.60
0.700	0.100	0.100	0.100
0.700	0.100	0.100	0.100
0.100	0.100	0.700	0.100
0.100	0.100	0.100	0.700
0.100	0.100	0.700	0.100
0.700	0.100	0.100	0.100
0.100	0.100	0.700	0.100
0.100	0.700	0.100	0.100
0.100	0.100	0.700	0.100
0.100	0.100	0.100	0.700
>CGTCTGCGTC	25-CGTCTGCGTC	10.296193	-0.939583	0	T:1.0(0.01%),B:3.4(0.01%),P:1e0	Tpos:58.0,Tstd:29.4,Bpos:46.4,Bstd:25.5,StrandBias:10.0,Multiplicity:17.00
0.100	0.700	0.100	0.100
0.100	0.100	0.700	0.100
0.100	0.100	0.100	0.700
0.100	0.700	0.100	0.100
0.100	0.100	0.100	0.700
0.100	0.100	0.700	0.100
0.100	0.700	0.100	0.100
0.100	0.100	0.700	0.100
0.100	0.100	0.100	0.700
0.100	0.700	0.100	0.100
