>GAGGAAGT	1-GAGGAAGT	8.352566	-1432.787889	0	T:1653.0(23.68%),B:2076.2(4.91%),P:1e-622	Tpos:99.9,Tstd:50.3,Bpos:99.3,Bstd:60.2,StrandBias:-0.1,Multiplicity:1.13
0.001	0.168	0.830	0.001
0.842	0.001	0.156	0.001
0.001	0.001	0.997	0.001
0.001	0.001	0.997	0.001
0.997	0.001	0.001	0.001
0.997	0.001	0.001	0.001
0.001	0.094	0.904	0.001
0.001	0.001	0.001	0.997
>VMGGAART	2-VMGGAART	5.503373	-1097.975214	0	T:4162.0(59.61%),B:13652.9(32.30%),P:1e-476	Tpos:100.9,Tstd:53.7,Bpos:99.8,Bstd:61.0,StrandBias:0.0,Multiplicity:1.25
0.248	0.331	0.361	0.060
0.378	0.462	0.122	0.038
0.129	0.001	0.869	0.001
0.013	0.022	0.954	0.011
0.970	0.028	0.001	0.001
0.723	0.039	0.001	0.237
0.508	0.079	0.412	0.001
0.047	0.125	0.046	0.782
>ATTTGCAT	3-ATTTGCAT	8.769092	-1015.388432	0	T:943.0(13.51%),B:883.8(2.09%),P:1e-440	Tpos:99.0,Tstd:51.3,Bpos:94.4,Bstd:63.0,StrandBias:0.1,Multiplicity:1.11
0.883	0.115	0.001	0.001
0.001	0.001	0.001	0.997
0.001	0.001	0.001	0.997
0.001	0.001	0.001	0.997
0.001	0.001	0.997	0.001
0.129	0.869	0.001	0.001
0.997	0.001	0.001	0.001
0.001	0.001	0.001	0.997
>TTCCRCTT	4-TTCCRCTT	6.769462	-973.757830	0	T:2664.0(38.16%),B:6850.1(16.21%),P:1e-422	Tpos:99.2,Tstd:52.9,Bpos:100.1,Bstd:62.8,StrandBias:0.1,Multiplicity:1.30
0.023	0.048	0.001	0.928
0.013	0.029	0.003	0.955
0.024	0.596	0.007	0.373
0.046	0.890	0.016	0.048
0.300	0.053	0.406	0.241
0.070	0.475	0.245	0.209
0.068	0.088	0.008	0.836
0.036	0.045	0.004	0.915
>TTTGCATA	5-TTTGCATA	8.672061	-900.811212	0	T:937.0(13.42%),B:1004.5(2.38%),P:1e-391	Tpos:98.9,Tstd:51.5,Bpos:99.0,Bstd:61.5,StrandBias:0.1,Multiplicity:1.04
0.001	0.001	0.001	0.997
0.001	0.001	0.001	0.997
0.001	0.001	0.001	0.997
0.162	0.001	0.836	0.001
0.153	0.845	0.001	0.001
0.997	0.001	0.001	0.001
0.001	0.001	0.001	0.997
0.870	0.001	0.128	0.001
>ATGCAAAT	6-ATGCAAAT	7.384730	-683.798419	0	T:1157.0(16.57%),B:1994.1(4.72%),P:1e-296	Tpos:97.7,Tstd:51.3,Bpos:99.5,Bstd:61.8,StrandBias:0.1,Multiplicity:1.05
0.684	0.076	0.022	0.218
0.137	0.041	0.322	0.500
0.035	0.192	0.771	0.002
0.148	0.666	0.174	0.012
0.860	0.090	0.032	0.018
0.997	0.001	0.001	0.001
0.933	0.001	0.001	0.065
0.175	0.049	0.001	0.775
>TGATTGGY	7-TGATTGGY	6.635302	-426.066450	0	T:1203.0(17.23%),B:2913.3(6.89%),P:1e-185	Tpos:100.7,Tstd:52.6,Bpos:95.2,Bstd:61.4,StrandBias:0.2,Multiplicity:1.40
0.001	0.274	0.085	0.640
0.051	0.225	0.577	0.147
0.997	0.001	0.001	0.001
0.045	0.001	0.001	0.953
0.054	0.044	0.001	0.901
0.001	0.020	0.895	0.084
0.054	0.009	0.931	0.006
0.102	0.470	0.079	0.349
>CTGATTGG	8-CTGATTGG	6.446363	-272.457445	0	T:956.0(13.69%),B:2561.7(6.06%),P:1e-118	Tpos:104.0,Tstd:52.6,Bpos:96.1,Bstd:62.3,StrandBias:-0.1,Multiplicity:1.05
0.001	0.959	0.020	0.020
0.001	0.097	0.055	0.847
0.181	0.095	0.723	0.001
0.971	0.001	0.001	0.027
0.028	0.001	0.094	0.877
0.093	0.001	0.022	0.884
0.072	0.042	0.776	0.110
0.020	0.001	0.978	0.001
>GAGGCGGD	9-GAGGCGGD	4.142717	-230.539869	0	T:1520.0(21.77%),B:5318.1(12.58%),P:1e-100	Tpos:101.2,Tstd:56.5,Bpos:98.4,Bstd:62.3,StrandBias:-0.1,Multiplicity:1.25
0.150	0.001	0.570	0.279
0.628	0.001	0.370	0.001
0.001	0.001	0.997	0.001
0.001	0.001	0.997	0.001
0.001	0.997	0.001	0.001
0.001	0.001	0.997	0.001
0.001	0.001	0.969	0.029
0.356	0.001	0.326	0.317
>GCCCCGCC	10-GCCCCGCC	6.526034	-220.327948	0	T:1515.0(21.70%),B:5369.6(12.70%),P:1e-95	Tpos:98.3,Tstd:57.3,Bpos:95.4,Bstd:61.5,StrandBias:0.0,Multiplicity:1.42
0.041	0.001	0.936	0.022
0.022	0.813	0.064	0.101
0.030	0.813	0.001	0.156
0.063	0.935	0.001	0.001
0.020	0.924	0.001	0.055
0.130	0.001	0.825	0.044
0.004	0.994	0.001	0.001
0.001	0.997	0.001	0.001
>TGTGGTTA	11-TGTGGTTA	7.021301	-201.273705	0	T:944.0(13.52%),B:2870.5(6.79%),P:1e-87	Tpos:102.4,Tstd:53.2,Bpos:100.1,Bstd:61.3,StrandBias:-0.0,Multiplicity:1.08
0.001	0.040	0.001	0.958
0.012	0.001	0.910	0.077
0.001	0.012	0.001	0.986
0.001	0.001	0.997	0.001
0.001	0.058	0.940	0.001
0.001	0.013	0.030	0.956
0.084	0.073	0.040	0.803
0.662	0.021	0.001	0.316
>AARGGGAA	12-AARGGGAA	9.840119	-177.170804	0	T:504.0(7.22%),B:1192.4(2.82%),P:1e-76	Tpos:96.9,Tstd:52.0,Bpos:102.2,Bstd:60.6,StrandBias:-0.0,Multiplicity:1.03
0.997	0.001	0.001	0.001
0.997	0.001	0.001	0.001
0.502	0.001	0.496	0.001
0.001	0.001	0.997	0.001
0.001	0.001	0.997	0.001
0.001	0.001	0.997	0.001
0.588	0.001	0.410	0.001
0.997	0.001	0.001	0.001
>TGASTCAT	13-TGASTCAT	6.382437	-173.626989	0	T:838.0(12.00%),B:2568.8(6.08%),P:1e-75	Tpos:98.7,Tstd:53.5,Bpos:99.5,Bstd:63.6,StrandBias:-0.0,Multiplicity:1.07
0.010	0.040	0.014	0.936
0.008	0.053	0.793	0.146
0.800	0.133	0.020	0.047
0.040	0.535	0.412	0.013
0.062	0.025	0.100	0.813
0.131	0.771	0.075	0.023
0.889	0.004	0.068	0.039
0.068	0.300	0.165	0.467
>AACAGCTG	14-AACAGCTG	6.465026	-163.298823	0	T:1671.0(23.93%),B:6626.3(15.68%),P:1e-70	Tpos:100.6,Tstd:54.6,Bpos:101.4,Bstd:64.6,StrandBias:0.0,Multiplicity:1.17
0.527	0.278	0.068	0.127
0.761	0.068	0.141	0.030
0.001	0.997	0.001	0.001
0.997	0.001	0.001	0.001
0.001	0.001	0.944	0.054
0.062	0.936	0.001	0.001
0.001	0.015	0.001	0.983
0.032	0.011	0.938	0.019
>KTGGMAAC	15-KTGGMAAC	5.032580	-132.398502	0	T:1201.0(17.20%),B:4561.2(10.79%),P:1e-57	Tpos:103.8,Tstd:53.8,Bpos:98.1,Bstd:63.1,StrandBias:0.0,Multiplicity:1.10
0.012	0.100	0.395	0.493
0.001	0.001	0.001	0.997
0.422	0.001	0.576	0.001
0.001	0.001	0.997	0.001
0.402	0.469	0.001	0.128
0.997	0.001	0.001	0.001
0.997	0.001	0.001	0.001
0.001	0.997	0.001	0.001
>AAGCAGAA	16-AAGCAGAA	8.236954	-131.960465	0	T:335.0(4.80%),B:739.1(1.75%),P:1e-57	Tpos:100.5,Tstd:51.9,Bpos:100.8,Bstd:63.4,StrandBias:-0.2,Multiplicity:1.06
0.700	0.100	0.100	0.100
0.700	0.100	0.100	0.100
0.100	0.100	0.700	0.100
0.100	0.700	0.100	0.100
0.700	0.100	0.100	0.100
0.100	0.100	0.700	0.100
0.700	0.100	0.100	0.100
0.700	0.100	0.100	0.100
>AGTGACGC	17-AGTGACGC	6.231691	-119.879082	0	T:700.0(10.03%),B:2294.1(5.43%),P:1e-52	Tpos:98.9,Tstd:55.7,Bpos:99.8,Bstd:65.5,StrandBias:-0.1,Multiplicity:1.06
0.778	0.101	0.053	0.068
0.020	0.093	0.886	0.001
0.058	0.001	0.001	0.940
0.019	0.049	0.931	0.001
0.968	0.017	0.001	0.014
0.001	0.933	0.065	0.001
0.137	0.001	0.828	0.034
0.062	0.843	0.001	0.094
>TGACGTCA	18-TGACGTCA	5.986715	-104.656404	0	T:753.0(10.78%),B:2647.4(6.26%),P:1e-45	Tpos:101.3,Tstd:55.7,Bpos:97.9,Bstd:63.0,StrandBias:0.0,Multiplicity:1.07
0.075	0.027	0.053	0.845
0.043	0.107	0.738	0.112
0.926	0.031	0.001	0.042
0.001	0.885	0.100	0.014
0.186	0.107	0.663	0.044
0.031	0.082	0.129	0.758
0.234	0.536	0.162	0.068
0.655	0.155	0.146	0.044
>STCTGWCA	19-STCTGWCA	6.093356	-104.058063	0	T:2117.0(30.32%),B:9697.1(22.94%),P:1e-45	Tpos:98.3,Tstd:56.8,Bpos:100.1,Bstd:63.3,StrandBias:-0.1,Multiplicity:1.17
0.185	0.340	0.474	0.001
0.139	0.170	0.104	0.587
0.154	0.596	0.249	0.001
0.209	0.188	0.001	0.602
0.001	0.001	0.997	0.001
0.465	0.001	0.001	0.533
0.001	0.943	0.055	0.001
0.997	0.001	0.001	0.001
>CTCCACCC	20-CTCCACCC	5.890734	-73.725894	0	T:990.0(14.18%),B:4106.5(9.72%),P:1e-32	Tpos:100.0,Tstd:56.0,Bpos:99.1,Bstd:56.0,StrandBias:-0.2,Multiplicity:1.10
0.001	0.610	0.001	0.388
0.345	0.001	0.001	0.653
0.001	0.997	0.001	0.001
0.001	0.779	0.001	0.219
0.980	0.001	0.001	0.018
0.001	0.997	0.001	0.001
0.001	0.997	0.001	0.001
0.001	0.997	0.001	0.001
>GGTAACCA	21-GGTAACCA	9.228216	-55.762344	0	T:212.0(3.04%),B:582.1(1.38%),P:1e-24	Tpos:96.5,Tstd:54.6,Bpos:100.1,Bstd:61.4,StrandBias:0.5,Multiplicity:1.09
0.001	0.001	0.762	0.236
0.001	0.001	0.997	0.001
0.001	0.223	0.001	0.775
0.928	0.001	0.001	0.070
0.997	0.001	0.001	0.001
0.001	0.997	0.001	0.001
0.001	0.997	0.001	0.001
0.997	0.001	0.001	0.001
>GGTGTGGC	22-GGTGTGGC	8.093036	-53.268614	0	T:436.0(6.24%),B:1587.3(3.76%),P:1e-23	Tpos:101.5,Tstd:52.4,Bpos:98.4,Bstd:59.7,StrandBias:-0.1,Multiplicity:1.09
0.001	0.001	0.997	0.001
0.069	0.001	0.929	0.001
0.144	0.001	0.001	0.854
0.001	0.001	0.997	0.001
0.001	0.001	0.001	0.997
0.001	0.001	0.997	0.001
0.138	0.001	0.860	0.001
0.001	0.997	0.001	0.001
>CCCGATAG	23-CCCGATAG	4.105883	-44.885475	0	T:142.0(2.03%),B:358.2(0.85%),P:1e-19	Tpos:99.9,Tstd:53.1,Bpos:98.6,Bstd:60.9,StrandBias:0.2,Multiplicity:1.03
0.253	0.745	0.001	0.001
0.001	0.997	0.001	0.001
0.001	0.997	0.001	0.001
0.055	0.001	0.943	0.001
0.997	0.001	0.001	0.001
0.001	0.001	0.001	0.997
0.997	0.001	0.001	0.001
0.001	0.001	0.997	0.001
>CCCCAGGG	24-CCCCAGGG	7.757742	-41.972948	0	T:435.0(6.23%),B:1689.2(4.00%),P:1e-18	Tpos:98.2,Tstd:53.5,Bpos:99.4,Bstd:57.0,StrandBias:0.0,Multiplicity:1.02
0.001	0.997	0.001	0.001
0.001	0.997	0.001	0.001
0.001	0.997	0.001	0.001
0.001	0.933	0.001	0.065
0.610	0.001	0.001	0.388
0.001	0.001	0.914	0.084
0.001	0.001	0.997	0.001
0.001	0.001	0.997	0.001
>AGTCAAAT	25-AGTCAAAT	8.236954	-27.954589	0	T:85.0(1.22%),B:213.7(0.51%),P:1e-12	Tpos:106.0,Tstd:52.4,Bpos:98.6,Bstd:64.7,StrandBias:-0.1,Multiplicity:1.03
0.700	0.100	0.100	0.100
0.100	0.100	0.700	0.100
0.100	0.100	0.100	0.700
0.100	0.700	0.100	0.100
0.700	0.100	0.100	0.100
0.700	0.100	0.100	0.100
0.700	0.100	0.100	0.100
0.100	0.100	0.100	0.700
