>ACTTCCTCTT	1-ACTTCCTCTT	7.845748	-1993.851945	0	T:2088.0(29.91%),B:2436.7(5.76%),P:1e-865	Tpos:100.5,Tstd:49.4,Bpos:100.6,Bstd:59.7,StrandBias:0.1,Multiplicity:1.18
0.839	0.002	0.128	0.031
0.002	0.777	0.181	0.040
0.015	0.011	0.008	0.966
0.003	0.002	0.003	0.992
0.003	0.901	0.007	0.089
0.001	0.876	0.004	0.119
0.069	0.188	0.147	0.596
0.026	0.676	0.194	0.104
0.196	0.121	0.011	0.672
0.154	0.074	0.064	0.708
>ASMGGAAGYR	2-ASMGGAAGYR	6.164769	-1567.674534	0	T:3785.0(54.21%),B:9792.0(23.17%),P:1e-680	Tpos:102.6,Tstd:52.6,Bpos:98.8,Bstd:60.7,StrandBias:-0.1,Multiplicity:1.21
0.412	0.100	0.239	0.249
0.211	0.430	0.283	0.076
0.375	0.405	0.219	0.001
0.001	0.001	0.997	0.001
0.044	0.066	0.889	0.001
0.997	0.001	0.001	0.001
0.736	0.006	0.013	0.245
0.288	0.193	0.518	0.001
0.017	0.364	0.113	0.506
0.279	0.182	0.375	0.163
>AAAVCGRAAC	3-AAAVCGRAAC	6.659299	-1417.191212	0	T:1806.0(25.87%),B:2531.4(5.99%),P:1e-615	Tpos:97.6,Tstd:52.1,Bpos:99.7,Bstd:62.1,StrandBias:-0.0,Multiplicity:1.14
0.493	0.049	0.329	0.129
0.714	0.118	0.063	0.105
0.567	0.110	0.164	0.159
0.200	0.343	0.320	0.138
0.211	0.421	0.188	0.180
0.172	0.011	0.809	0.008
0.410	0.121	0.437	0.032
0.854	0.058	0.026	0.062
0.876	0.030	0.058	0.036
0.063	0.492	0.326	0.118
>TATGCAAATN	4-TATGCAAATN	7.944446	-1362.346312	0	T:1088.0(15.58%),B:842.9(1.99%),P:1e-591	Tpos:99.2,Tstd:49.9,Bpos:95.8,Bstd:61.5,StrandBias:-0.1,Multiplicity:1.12
0.152	0.221	0.136	0.491
0.927	0.007	0.022	0.044
0.042	0.011	0.048	0.899
0.020	0.002	0.864	0.114
0.010	0.898	0.022	0.070
0.970	0.013	0.001	0.016
0.951	0.009	0.014	0.026
0.993	0.001	0.003	0.003
0.069	0.069	0.125	0.737
0.232	0.272	0.235	0.261
>TTTCASTTCC	5-TTTCASTTCC	9.320016	-1029.926147	0	T:820.0(11.74%),B:621.3(1.47%),P:1e-447	Tpos:98.3,Tstd:48.8,Bpos:100.4,Bstd:64.3,StrandBias:-0.2,Multiplicity:1.05
0.026	0.019	0.029	0.926
0.018	0.149	0.091	0.742
0.017	0.039	0.013	0.931
0.012	0.913	0.017	0.058
0.694	0.006	0.150	0.150
0.008	0.472	0.402	0.119
0.034	0.014	0.023	0.929
0.021	0.006	0.005	0.968
0.008	0.645	0.002	0.345
0.028	0.782	0.034	0.156
>AKGCAAATBA	6-AKGCAAATBA	4.294518	-605.542239	0	T:1385.0(19.84%),B:2989.6(7.07%),P:1e-262	Tpos:99.5,Tstd:52.4,Bpos:100.4,Bstd:62.6,StrandBias:0.0,Multiplicity:1.06
0.997	0.001	0.001	0.001
0.116	0.049	0.380	0.455
0.001	0.001	0.689	0.309
0.001	0.696	0.302	0.001
0.997	0.001	0.001	0.001
0.997	0.001	0.001	0.001
0.997	0.001	0.001	0.001
0.001	0.258	0.001	0.740
0.001	0.347	0.310	0.342
0.977	0.001	0.001	0.021
>RRCCAATCRG	7-RRCCAATCRG	7.380307	-520.053762	0	T:830.0(11.89%),B:1341.7(3.17%),P:1e-225	Tpos:100.0,Tstd:51.8,Bpos:93.4,Bstd:61.6,StrandBias:-0.1,Multiplicity:1.32
0.427	0.205	0.307	0.062
0.349	0.109	0.413	0.129
0.001	0.995	0.001	0.003
0.127	0.763	0.109	0.001
0.894	0.001	0.015	0.090
0.995	0.003	0.001	0.001
0.001	0.100	0.033	0.866
0.169	0.485	0.206	0.140
0.431	0.154	0.414	0.001
0.179	0.212	0.393	0.216
>YBATTGGBYR	8-YBATTGGBYR	6.895574	-474.883529	0	T:841.0(12.05%),B:1477.5(3.50%),P:1e-206	Tpos:105.3,Tstd:52.9,Bpos:94.3,Bstd:60.3,StrandBias:0.1,Multiplicity:1.09
0.049	0.380	0.211	0.360
0.128	0.233	0.332	0.307
0.974	0.001	0.024	0.001
0.111	0.008	0.179	0.702
0.223	0.033	0.012	0.732
0.193	0.001	0.805	0.001
0.001	0.001	0.997	0.001
0.146	0.355	0.285	0.214
0.007	0.417	0.183	0.393
0.369	0.214	0.342	0.075
>GGCCMCRCCC	9-GGCCMCRCCC	6.980440	-386.489236	0	T:1918.0(27.47%),B:6186.9(14.64%),P:1e-167	Tpos:99.3,Tstd:56.6,Bpos:97.7,Bstd:60.6,StrandBias:0.0,Multiplicity:1.12
0.271	0.001	0.563	0.165
0.327	0.081	0.523	0.069
0.141	0.578	0.124	0.157
0.001	0.609	0.001	0.389
0.439	0.559	0.001	0.001
0.105	0.730	0.001	0.164
0.377	0.001	0.505	0.117
0.001	0.997	0.001	0.001
0.001	0.997	0.001	0.001
0.001	0.783	0.001	0.215
>GGGGCGGGSC	10-GGGGCGGGSC	7.094422	-372.786364	0	T:1623.0(23.25%),B:4915.1(11.63%),P:1e-161	Tpos:99.6,Tstd:55.8,Bpos:94.0,Bstd:59.1,StrandBias:-0.1,Multiplicity:1.44
0.284	0.053	0.468	0.195
0.400	0.005	0.594	0.001
0.001	0.001	0.992	0.006
0.021	0.001	0.977	0.001
0.133	0.628	0.001	0.238
0.097	0.001	0.901	0.001
0.001	0.001	0.706	0.292
0.335	0.001	0.517	0.147
0.216	0.261	0.378	0.145
0.141	0.538	0.030	0.291
>AAAGCAGAAC	11-AAAGCAGAAC	9.028994	-223.762344	0	T:454.0(6.50%),B:867.1(2.05%),P:1e-97	Tpos:105.3,Tstd:53.0,Bpos:99.7,Bstd:64.6,StrandBias:-0.3,Multiplicity:1.03
0.821	0.035	0.143	0.001
0.767	0.001	0.123	0.109
0.955	0.028	0.016	0.001
0.192	0.001	0.806	0.001
0.001	0.767	0.175	0.057
0.972	0.001	0.001	0.026
0.001	0.001	0.997	0.001
0.997	0.001	0.001	0.001
0.822	0.055	0.001	0.122
0.029	0.632	0.338	0.001
>KRTGASTCAB	12-KRTGASTCAB	6.820339	-217.902189	0	T:915.0(13.11%),B:2655.9(6.28%),P:1e-94	Tpos:97.0,Tstd:53.2,Bpos:99.2,Bstd:63.0,StrandBias:-0.1,Multiplicity:1.09
0.180	0.184	0.275	0.361
0.390	0.118	0.298	0.194
0.001	0.001	0.001	0.997
0.001	0.203	0.613	0.183
0.997	0.001	0.001	0.001
0.006	0.545	0.403	0.046
0.120	0.001	0.126	0.753
0.236	0.666	0.097	0.001
0.983	0.001	0.001	0.015
0.127	0.302	0.215	0.356
>CWAACCACAR	13-CWAACCACAR	8.840013	-160.622982	0	T:446.0(6.39%),B:1039.0(2.46%),P:1e-69	Tpos:101.5,Tstd:53.0,Bpos:99.6,Bstd:61.9,StrandBias:0.1,Multiplicity:1.04
0.108	0.528	0.186	0.178
0.442	0.163	0.001	0.394
0.869	0.001	0.129	0.001
0.997	0.001	0.001	0.001
0.001	0.997	0.001	0.001
0.001	0.997	0.001	0.001
0.997	0.001	0.001	0.001
0.001	0.997	0.001	0.001
0.940	0.001	0.023	0.036
0.370	0.179	0.265	0.185
>ACAGCTGTBD	14-ACAGCTGTBD	6.732413	-148.783129	0	T:1468.0(21.03%),B:5737.2(13.57%),P:1e-64	Tpos:101.0,Tstd:53.6,Bpos:100.6,Bstd:63.4,StrandBias:0.0,Multiplicity:1.14
0.456	0.231	0.186	0.127
0.001	0.973	0.025	0.001
0.997	0.001	0.001	0.001
0.015	0.115	0.663	0.207
0.232	0.727	0.038	0.003
0.036	0.029	0.001	0.934
0.041	0.078	0.815	0.066
0.075	0.254	0.202	0.470
0.109	0.329	0.240	0.322
0.269	0.176	0.349	0.206
>CTATTTTTAG	15-CTATTTTTAG	6.896870	-137.812777	0	T:614.0(8.79%),B:1810.8(4.28%),P:1e-59	Tpos:101.4,Tstd:56.0,Bpos:99.6,Bstd:61.0,StrandBias:0.2,Multiplicity:1.03
0.030	0.860	0.078	0.032
0.043	0.020	0.017	0.920
0.837	0.055	0.102	0.006
0.080	0.096	0.086	0.738
0.180	0.015	0.021	0.784
0.067	0.060	0.015	0.858
0.120	0.069	0.026	0.785
0.063	0.069	0.107	0.761
0.758	0.046	0.160	0.036
0.080	0.167	0.701	0.052
>NHDKWAACSG	16-NHDKWAACSG	4.960377	-126.307501	0	T:1398.0(20.02%),B:5605.3(13.26%),P:1e-54	Tpos:99.3,Tstd:55.9,Bpos:99.8,Bstd:64.0,StrandBias:0.1,Multiplicity:1.10
0.231	0.179	0.275	0.316
0.282	0.346	0.017	0.355
0.320	0.013	0.279	0.388
0.013	0.038	0.478	0.471
0.441	0.037	0.011	0.511
0.767	0.105	0.075	0.053
0.782	0.084	0.080	0.054
0.071	0.800	0.080	0.049
0.217	0.429	0.344	0.010
0.101	0.075	0.754	0.070
>CCATGGCAAC	17-CCATGGCAAC	7.800816	-122.265625	0	T:300.0(4.30%),B:648.8(1.53%),P:1e-53	Tpos:103.7,Tstd:52.9,Bpos:92.0,Bstd:61.0,StrandBias:0.3,Multiplicity:1.11
0.059	0.849	0.025	0.067
0.001	0.863	0.001	0.135
0.892	0.020	0.032	0.056
0.001	0.001	0.051	0.947
0.084	0.001	0.914	0.001
0.030	0.001	0.968	0.001
0.055	0.807	0.034	0.104
0.997	0.001	0.001	0.001
0.986	0.012	0.001	0.001
0.001	0.997	0.001	0.001
>GGGGATTTCC	18-GGGGATTTCC	7.624862	-120.886122	0	T:345.0(4.94%),B:815.7(1.93%),P:1e-52	Tpos:102.7,Tstd:56.5,Bpos:97.4,Bstd:55.2,StrandBias:-0.1,Multiplicity:1.05
0.052	0.048	0.797	0.103
0.049	0.060	0.887	0.004
0.016	0.043	0.769	0.172
0.291	0.055	0.516	0.138
0.522	0.204	0.180	0.094
0.306	0.084	0.014	0.596
0.090	0.020	0.198	0.692
0.075	0.310	0.011	0.604
0.085	0.769	0.049	0.097
0.058	0.903	0.007	0.032
>NRTGACGTCA	19-NRTGACGTCA	6.836984	-113.982864	0	T:793.0(11.36%),B:2761.4(6.53%),P:1e-49	Tpos:103.2,Tstd:55.4,Bpos:99.1,Bstd:62.2,StrandBias:0.0,Multiplicity:1.06
0.269	0.249	0.232	0.250
0.348	0.229	0.396	0.026
0.001	0.001	0.001	0.997
0.001	0.151	0.630	0.218
0.945	0.001	0.001	0.053
0.117	0.526	0.191	0.166
0.185	0.181	0.633	0.001
0.001	0.001	0.001	0.997
0.244	0.513	0.142	0.101
0.977	0.020	0.001	0.002
>TCCCCWGGGR	20-TCCCCWGGGR	9.520793	-89.287739	0	T:238.0(3.41%),B:541.1(1.28%),P:1e-38	Tpos:103.9,Tstd:48.7,Bpos:97.6,Bstd:55.3,StrandBias:-0.1,Multiplicity:1.03
0.037	0.085	0.056	0.822
0.001	0.997	0.001	0.001
0.001	0.919	0.010	0.070
0.001	0.944	0.001	0.054
0.001	0.966	0.001	0.032
0.424	0.001	0.001	0.574
0.001	0.001	0.850	0.148
0.267	0.023	0.709	0.001
0.001	0.001	0.997	0.001
0.315	0.136	0.427	0.122
>KTRGCHACYM	21-KTRGCHACYM	5.017888	-71.731142	0	T:1238.0(17.73%),B:5418.8(12.82%),P:1e-31	Tpos:101.2,Tstd:54.7,Bpos:100.5,Bstd:62.8,StrandBias:-0.1,Multiplicity:1.08
0.121	0.183	0.383	0.313
0.206	0.068	0.180	0.546
0.444	0.042	0.512	0.002
0.277	0.084	0.484	0.156
0.048	0.529	0.050	0.373
0.397	0.313	0.003	0.288
0.551	0.031	0.380	0.038
0.131	0.543	0.256	0.070
0.153	0.412	0.152	0.283
0.419	0.412	0.052	0.117
>CAGGAACTGA	22-CAGGAACTGA	12.719415	-39.926666	0	T:60.0(0.86%),B:93.5(0.22%),P:1e-17	Tpos:79.7,Tstd:56.6,Bpos:79.1,Bstd:67.7,StrandBias:-0.4,Multiplicity:1.00
0.002	0.996	0.001	0.001
0.997	0.001	0.001	0.001
0.001	0.001	0.915	0.083
0.001	0.062	0.936	0.001
0.997	0.001	0.001	0.001
0.938	0.052	0.009	0.001
0.326	0.672	0.001	0.001
0.059	0.004	0.001	0.936
0.326	0.001	0.672	0.001
0.948	0.001	0.050	0.001
>CTTAAMYTAC	23-CTTAAMYTAC	10.752557	-34.348608	0	T:27.0(0.39%),B:21.3(0.05%),P:1e-14	Tpos:107.0,Tstd:49.6,Bpos:86.4,Bstd:55.0,StrandBias:-0.5,Multiplicity:1.00
0.001	0.997	0.001	0.001
0.001	0.001	0.001	0.997
0.001	0.001	0.001	0.997
0.997	0.001	0.001	0.001
0.562	0.324	0.113	0.001
0.458	0.540	0.001	0.001
0.039	0.521	0.001	0.439
0.323	0.001	0.179	0.498
0.997	0.001	0.001	0.001
0.001	0.997	0.001	0.001
>AAGTGAGCGT	24-AAGTGAGCGT	10.296193	-16.568802	0	T:7.0(0.10%),B:2.8(0.01%),P:1e-7	Tpos:101.4,Tstd:52.5,Bpos:176.0,Bstd:0.0,StrandBias:-2.8,Multiplicity:1.60
0.700	0.100	0.100	0.100
0.700	0.100	0.100	0.100
0.100	0.100	0.700	0.100
0.100	0.100	0.100	0.700
0.100	0.100	0.700	0.100
0.700	0.100	0.100	0.100
0.100	0.100	0.700	0.100
0.100	0.700	0.100	0.100
0.100	0.100	0.700	0.100
0.100	0.100	0.100	0.700
>CGTCTGCGTC	25-CGTCTGCGTC	10.296193	-0.939583	0	T:1.0(0.01%),B:3.4(0.01%),P:1e0	Tpos:58.0,Tstd:29.4,Bpos:46.4,Bstd:25.5,StrandBias:10.0,Multiplicity:17.00
0.100	0.700	0.100	0.100
0.100	0.100	0.700	0.100
0.100	0.100	0.100	0.700
0.100	0.700	0.100	0.100
0.100	0.100	0.100	0.700
0.100	0.100	0.700	0.100
0.100	0.700	0.100	0.100
0.100	0.100	0.700	0.100
0.100	0.100	0.100	0.700
0.100	0.700	0.100	0.100
>CACTTCCTCTTT	1-CACTTCCTCTTT	8.232557	-2408.496937	0	T:1919.0(27.48%),B:1571.8(3.72%),P:1e-1045	Tpos:100.7,Tstd:48.5,Bpos:99.6,Bstd:58.7,StrandBias:0.0,Multiplicity:1.15
0.156	0.465	0.156	0.224
0.729	0.021	0.198	0.052
0.001	0.704	0.253	0.042
0.004	0.001	0.001	0.994
0.001	0.001	0.001	0.997
0.001	0.918	0.001	0.080
0.001	0.832	0.001	0.166
0.003	0.243	0.162	0.592
0.020	0.655	0.187	0.138
0.190	0.067	0.001	0.742
0.138	0.075	0.072	0.715
0.125	0.206	0.048	0.621
>DTATGCAAATNA	2-DTATGCAAATNA	8.334779	-1365.473306	0	T:1071.0(15.34%),B:807.7(1.91%),P:1e-593	Tpos:98.9,Tstd:49.1,Bpos:94.7,Bstd:58.5,StrandBias:-0.1,Multiplicity:1.11
0.364	0.171	0.223	0.241
0.138	0.262	0.101	0.499
0.899	0.001	0.014	0.086
0.088	0.001	0.157	0.754
0.036	0.001	0.726	0.237
0.002	0.776	0.066	0.156
0.997	0.001	0.001	0.001
0.987	0.001	0.011	0.001
0.997	0.001	0.001	0.001
0.125	0.117	0.181	0.577
0.221	0.238	0.259	0.283
0.421	0.177	0.144	0.258
>NRCTTCCTSTNN	3-NRCTTCCTSTNN	8.177135	-1163.710405	0	T:1794.0(25.69%),B:2978.9(7.05%),P:1e-505	Tpos:102.6,Tstd:51.2,Bpos:99.3,Bstd:59.2,StrandBias:0.2,Multiplicity:1.09
0.204	0.328	0.191	0.277
0.481	0.099	0.347	0.073
0.001	0.680	0.021	0.298
0.001	0.006	0.001	0.992
0.001	0.014	0.021	0.964
0.041	0.909	0.045	0.005
0.001	0.997	0.001	0.001
0.005	0.091	0.081	0.823
0.023	0.497	0.384	0.097
0.086	0.304	0.001	0.609
0.193	0.318	0.262	0.227
0.257	0.255	0.214	0.273
>GGAAGTGAAAST	4-GGAAGTGAAAST	9.526610	-1062.419441	0	T:603.0(8.64%),B:259.4(0.61%),P:1e-461	Tpos:98.3,Tstd:47.2,Bpos:106.0,Bstd:66.5,StrandBias:-0.0,Multiplicity:1.03
0.267	0.010	0.640	0.083
0.303	0.037	0.628	0.032
0.877	0.009	0.055	0.059
0.888	0.021	0.026	0.065
0.148	0.311	0.485	0.056
0.131	0.100	0.054	0.715
0.090	0.028	0.861	0.021
0.876	0.028	0.079	0.017
0.712	0.109	0.141	0.038
0.845	0.043	0.023	0.089
0.080	0.489	0.347	0.083
0.152	0.289	0.040	0.519
>KBYSATTGGYYV	5-KBYSATTGGYYV	7.951407	-521.813427	0	T:884.0(12.66%),B:1503.1(3.56%),P:1e-226	Tpos:100.7,Tstd:51.0,Bpos:93.1,Bstd:60.8,StrandBias:0.1,Multiplicity:1.36
0.179	0.198	0.265	0.358
0.131	0.354	0.268	0.247
0.001	0.393	0.173	0.432
0.045	0.312	0.436	0.207
0.997	0.001	0.001	0.001
0.001	0.001	0.001	0.997
0.006	0.001	0.001	0.992
0.001	0.001	0.997	0.001
0.001	0.001	0.997	0.001
0.112	0.387	0.147	0.354
0.053	0.385	0.174	0.389
0.284	0.233	0.317	0.167
>DDGAAACHGAAA	6-DDGAAACHGAAA	9.717547	-515.459061	0	T:560.0(8.02%),B:618.0(1.46%),P:1e-223	Tpos:99.7,Tstd:53.3,Bpos:101.2,Bstd:65.1,StrandBias:0.3,Multiplicity:1.06
0.246	0.187	0.352	0.215
0.337	0.029	0.245	0.388
0.174	0.209	0.616	0.001
0.689	0.001	0.309	0.001
0.987	0.001	0.011	0.001
0.977	0.001	0.001	0.021
0.146	0.459	0.252	0.143
0.274	0.326	0.022	0.378
0.252	0.001	0.740	0.007
0.997	0.001	0.001	0.001
0.904	0.001	0.094	0.001
0.997	0.001	0.001	0.001
>RGGGCGGGGCCT	7-RGGGCGGGGCCT	7.097147	-425.021129	0	T:1594.0(22.83%),B:4524.6(10.70%),P:1e-184	Tpos:100.2,Tstd:54.9,Bpos:92.3,Bstd:57.6,StrandBias:-0.0,Multiplicity:1.32
0.369	0.001	0.431	0.198
0.137	0.001	0.861	0.001
0.001	0.001	0.997	0.001
0.001	0.001	0.997	0.001
0.170	0.532	0.001	0.297
0.001	0.001	0.997	0.001
0.001	0.001	0.848	0.150
0.324	0.001	0.657	0.018
0.090	0.083	0.822	0.005
0.032	0.874	0.001	0.093
0.110	0.592	0.074	0.224
0.274	0.135	0.151	0.441
>DSTTCCTCAWWN	8-DSTTCCTCAWWN	9.044016	-351.334307	0	T:360.0(5.16%),B:368.7(0.87%),P:1e-152	Tpos:99.6,Tstd:51.1,Bpos:102.2,Bstd:54.2,StrandBias:0.5,Multiplicity:1.01
0.364	0.162	0.241	0.233
0.070	0.453	0.402	0.075
0.021	0.020	0.039	0.920
0.021	0.051	0.035	0.893
0.100	0.796	0.037	0.067
0.014	0.929	0.012	0.045
0.055	0.333	0.008	0.604
0.041	0.866	0.059	0.034
0.812	0.093	0.008	0.087
0.323	0.101	0.168	0.408
0.375	0.153	0.194	0.278
0.275	0.254	0.178	0.294
>ASTTCTGCTTTY	9-ASTTCTGCTTTY	11.904337	-274.294057	0	T:166.0(2.38%),B:79.2(0.19%),P:1e-119	Tpos:96.2,Tstd:48.4,Bpos:97.6,Bstd:68.7,StrandBias:0.5,Multiplicity:1.00
0.554	0.001	0.160	0.285
0.001	0.433	0.518	0.048
0.092	0.001	0.001	0.906
0.001	0.001	0.080	0.918
0.017	0.950	0.001	0.032
0.001	0.034	0.001	0.964
0.041	0.035	0.883	0.041
0.001	0.829	0.093	0.077
0.052	0.053	0.001	0.894
0.018	0.071	0.001	0.910
0.001	0.322	0.001	0.676
0.122	0.462	0.001	0.415
>TGACTCACTTCC	10-TGACTCACTTCC	7.341423	-238.736196	0	T:706.0(10.11%),B:1717.1(4.06%),P:1e-103	Tpos:103.2,Tstd:52.9,Bpos:99.1,Bstd:61.7,StrandBias:0.1,Multiplicity:1.09
0.101	0.059	0.076	0.764
0.080	0.109	0.720	0.091
0.703	0.096	0.089	0.112
0.063	0.739	0.129	0.069
0.099	0.080	0.040	0.781
0.060	0.740	0.117	0.083
0.792	0.080	0.045	0.083
0.040	0.745	0.115	0.100
0.093	0.098	0.036	0.773
0.056	0.088	0.104	0.752
0.057	0.755	0.084	0.104
0.094	0.736	0.046	0.124
>NNGTTTCGGTKN	11-NNGTTTCGGTKN	5.652998	-164.057601	0	T:470.0(6.73%),B:1115.7(2.64%),P:1e-71	Tpos:94.1,Tstd:53.6,Bpos:97.8,Bstd:63.7,StrandBias:0.2,Multiplicity:1.11
0.207	0.285	0.205	0.303
0.261	0.199	0.250	0.289
0.093	0.124	0.656	0.127
0.098	0.167	0.121	0.614
0.141	0.106	0.133	0.620
0.154	0.125	0.143	0.578
0.154	0.522	0.159	0.165
0.173	0.223	0.483	0.121
0.090	0.162	0.631	0.117
0.109	0.154	0.151	0.586
0.188	0.188	0.259	0.364
0.258	0.252	0.274	0.216
>GGGAAATCCCCT	12-GGGAAATCCCCT	8.249426	-152.764825	0	T:407.0(5.83%),B:925.3(2.19%),P:1e-66	Tpos:100.5,Tstd:54.1,Bpos:97.3,Bstd:53.9,StrandBias:0.1,Multiplicity:1.03
0.166	0.011	0.678	0.145
0.001	0.001	0.975	0.023
0.040	0.040	0.909	0.011
0.600	0.054	0.335	0.011
0.664	0.212	0.105	0.019
0.440	0.086	0.236	0.238
0.099	0.129	0.292	0.481
0.051	0.539	0.154	0.256
0.176	0.818	0.001	0.005
0.008	0.890	0.019	0.083
0.032	0.890	0.003	0.075
0.309	0.178	0.036	0.478
>BATGASTCAKHM	13-BATGASTCAKHM	4.467061	-140.880560	0	T:803.0(11.50%),B:2616.0(6.19%),P:1e-61	Tpos:101.3,Tstd:53.8,Bpos:101.3,Bstd:62.9,StrandBias:-0.1,Multiplicity:1.06
0.054	0.271	0.280	0.394
0.507	0.281	0.063	0.149
0.001	0.001	0.001	0.997
0.001	0.002	0.984	0.013
0.997	0.001	0.001	0.001
0.048	0.404	0.500	0.048
0.001	0.001	0.001	0.997
0.001	0.997	0.001	0.001
0.997	0.001	0.001	0.001
0.206	0.075	0.416	0.303
0.399	0.337	0.002	0.262
0.425	0.468	0.040	0.067
>BCTGCTTTGCAT	14-BCTGCTTTGCAT	10.849521	-121.561248	0	T:46.0(0.66%),B:8.4(0.02%),P:1e-52	Tpos:103.1,Tstd:52.2,Bpos:169.4,Bstd:19.6,StrandBias:0.2,Multiplicity:1.00
0.037	0.271	0.402	0.290
0.193	0.558	0.026	0.223
0.172	0.031	0.026	0.771
0.020	0.001	0.896	0.083
0.026	0.576	0.021	0.377
0.036	0.082	0.010	0.872
0.016	0.064	0.200	0.720
0.031	0.026	0.001	0.942
0.042	0.120	0.760	0.078
0.174	0.491	0.174	0.162
0.683	0.221	0.001	0.095
0.308	0.038	0.083	0.571
>CGCTGTGGTTTG	15-CGCTGTGGTTTG	7.554782	-113.668960	0	T:783.0(11.21%),B:2717.1(6.43%),P:1e-49	Tpos:101.7,Tstd:54.9,Bpos:100.4,Bstd:61.1,StrandBias:-0.1,Multiplicity:1.10
0.187	0.442	0.201	0.170
0.114	0.106	0.603	0.177
0.083	0.729	0.116	0.072
0.098	0.029	0.014	0.859
0.004	0.070	0.880	0.046
0.087	0.017	0.072	0.824
0.019	0.010	0.928	0.043
0.037	0.112	0.770	0.081
0.041	0.105	0.083	0.771
0.037	0.126	0.120	0.717
0.081	0.020	0.113	0.786
0.087	0.113	0.693	0.107
>HNCCATRGCAAC	16-HNCCATRGCAAC	7.890583	-111.712799	0	T:513.0(7.35%),B:1528.1(3.62%),P:1e-48	Tpos:99.1,Tstd:52.2,Bpos:97.2,Bstd:62.2,StrandBias:0.3,Multiplicity:1.05
0.241	0.322	0.110	0.326
0.303	0.241	0.204	0.252
0.081	0.528	0.037	0.354
0.018	0.835	0.001	0.146
0.556	0.133	0.009	0.302
0.052	0.208	0.075	0.665
0.571	0.001	0.427	0.001
0.040	0.001	0.958	0.001
0.256	0.654	0.029	0.061
0.949	0.009	0.022	0.020
0.906	0.001	0.082	0.011
0.022	0.861	0.101	0.016
>NCCCATTGGCTB	17-NCCCATTGGCTB	9.194246	-90.035184	0	T:273.0(3.91%),B:667.7(1.58%),P:1e-39	Tpos:95.0,Tstd:55.6,Bpos:100.1,Bstd:60.3,StrandBias:0.3,Multiplicity:1.01
0.278	0.245	0.202	0.276
0.001	0.997	0.001	0.001
0.055	0.870	0.001	0.074
0.001	0.997	0.001	0.001
0.784	0.084	0.001	0.131
0.046	0.193	0.141	0.620
0.115	0.001	0.116	0.768
0.001	0.046	0.884	0.069
0.001	0.011	0.987	0.001
0.001	0.929	0.069	0.001
0.022	0.001	0.001	0.976
0.109	0.312	0.344	0.236
>GTGACAGCTGTT	18-GTGACAGCTGTT	7.354775	-88.711779	0	T:598.0(8.56%),B:2053.2(4.86%),P:1e-38	Tpos:101.2,Tstd:54.0,Bpos:100.5,Bstd:63.2,StrandBias:0.0,Multiplicity:1.05
0.091	0.133	0.690	0.086
0.111	0.050	0.098	0.741
0.087	0.131	0.723	0.059
0.715	0.099	0.096	0.090
0.079	0.776	0.090	0.055
0.842	0.034	0.038	0.086
0.055	0.068	0.780	0.097
0.085	0.758	0.079	0.078
0.080	0.049	0.046	0.825
0.051	0.075	0.783	0.091
0.076	0.124	0.099	0.701
0.092	0.120	0.120	0.668
>GGGAHTTGTAGT	19-GGGAHTTGTAGT	9.907711	-71.805294	0	T:109.0(1.56%),B:167.9(0.40%),P:1e-31	Tpos:98.7,Tstd:52.5,Bpos:92.2,Bstd:65.7,StrandBias:0.3,Multiplicity:1.22
0.044	0.001	0.954	0.001
0.065	0.001	0.933	0.001
0.043	0.001	0.869	0.087
0.705	0.044	0.110	0.141
0.332	0.288	0.181	0.200
0.167	0.139	0.176	0.518
0.121	0.154	0.022	0.703
0.001	0.001	0.955	0.043
0.022	0.065	0.001	0.912
0.944	0.001	0.033	0.022
0.021	0.001	0.977	0.001
0.022	0.001	0.022	0.955
>TGGTGACGTCAT	20-TGGTGACGTCAT	7.744974	-58.579797	0	T:250.0(3.58%),B:722.3(1.71%),P:1e-25	Tpos:99.1,Tstd:55.4,Bpos:98.8,Bstd:61.5,StrandBias:0.2,Multiplicity:1.04
0.101	0.096	0.103	0.700
0.098	0.046	0.789	0.067
0.120	0.107	0.712	0.061
0.057	0.017	0.060	0.866
0.048	0.075	0.809	0.068
0.836	0.060	0.049	0.055
0.102	0.618	0.153	0.127
0.135	0.128	0.607	0.130
0.074	0.062	0.062	0.802
0.068	0.793	0.079	0.060
0.809	0.062	0.054	0.075
0.081	0.123	0.134	0.662
>GGGCCCGCCTCC	21-GGGCCCGCCTCC	10.879087	-40.139993	0	T:90.0(1.29%),B:187.0(0.44%),P:1e-17	Tpos:102.3,Tstd:53.4,Bpos:104.3,Bstd:61.0,StrandBias:0.1,Multiplicity:1.05
0.308	0.177	0.514	0.001
0.280	0.055	0.652	0.013
0.113	0.154	0.732	0.001
0.001	0.956	0.001	0.042
0.001	0.956	0.001	0.042
0.002	0.839	0.042	0.117
0.001	0.001	0.997	0.001
0.001	0.997	0.001	0.001
0.001	0.997	0.001	0.001
0.008	0.001	0.001	0.990
0.001	0.997	0.001	0.001
0.001	0.997	0.001	0.001
>AGCACTGCCTCC	22-AGCACTGCCTCC	12.480052	-23.071006	0	T:9.0(0.13%),B:2.4(0.01%),P:1e-10	Tpos:115.8,Tstd:54.7,Bpos:112.7,Bstd:50.6,StrandBias:1.2,Multiplicity:1.62
0.833	0.045	0.077	0.045
0.107	0.022	0.837	0.034
0.079	0.846	0.053	0.022
0.873	0.011	0.045	0.071
0.056	0.824	0.086	0.034
0.109	0.045	0.067	0.779
0.001	0.030	0.902	0.067
0.094	0.831	0.041	0.034
0.011	0.899	0.034	0.056
0.108	0.019	0.045	0.828
0.056	0.787	0.082	0.075
0.115	0.772	0.079	0.034
>ATGTGTTAGAGG	23-ATGTGTTAGAGG	13.455561	-13.508502	0	T:6.0(0.09%),B:2.9(0.01%),P:1e-5	Tpos:97.8,Tstd:53.6,Bpos:58.1,Bstd:5.5,StrandBias:2.7,Multiplicity:2.50
0.997	0.001	0.001	0.001
0.001	0.001	0.001	0.997
0.001	0.001	0.997	0.001
0.001	0.001	0.050	0.948
0.001	0.050	0.948	0.001
0.001	0.001	0.001	0.997
0.050	0.001	0.001	0.948
0.997	0.001	0.001	0.001
0.001	0.001	0.997	0.001
0.997	0.001	0.001	0.001
0.001	0.050	0.948	0.001
0.001	0.001	0.997	0.001
>TCCGCGTCTGCG	24-TCCGCGTCTGCG	13.678248	-10.600453	0	T:5.0(0.07%),B:2.8(0.01%),P:1e-4	Tpos:54.7,Tstd:34.0,Bpos:89.4,Bstd:52.8,StrandBias:2.6,Multiplicity:4.20
0.001	0.001	0.001	0.997
0.282	0.716	0.001	0.001
0.001	0.853	0.001	0.145
0.001	0.001	0.997	0.001
0.001	0.997	0.001	0.001
0.001	0.001	0.997	0.001
0.001	0.001	0.001	0.997
0.001	0.997	0.001	0.001
0.001	0.001	0.001	0.997
0.001	0.001	0.716	0.282
0.001	0.997	0.001	0.001
0.001	0.282	0.716	0.001
>TTCAGCCTTCAG	25-TTCAGCCTTCAG	12.355432	-3.125414	0	T:2.0(0.03%),B:2.5(0.01%),P:1e-1	Tpos:83.7,Tstd:43.7,Bpos:43.1,Bstd:21.1,StrandBias:10.0,Multiplicity:6.00
0.100	0.100	0.100	0.700
0.100	0.100	0.100	0.700
0.100	0.700	0.100	0.100
0.700	0.100	0.100	0.100
0.100	0.100	0.700	0.100
0.100	0.700	0.100	0.100
0.100	0.700	0.100	0.100
0.100	0.100	0.100	0.700
0.100	0.100	0.100	0.700
0.100	0.700	0.100	0.100
0.700	0.100	0.100	0.100
0.100	0.100	0.700	0.100
>GAGGAAGT	1-GAGGAAGT	8.352566	-1432.787889	0	T:1653.0(23.68%),B:2076.2(4.91%),P:1e-622	Tpos:99.9,Tstd:50.3,Bpos:99.3,Bstd:60.2,StrandBias:-0.1,Multiplicity:1.13
0.001	0.168	0.830	0.001
0.842	0.001	0.156	0.001
0.001	0.001	0.997	0.001
0.001	0.001	0.997	0.001
0.997	0.001	0.001	0.001
0.997	0.001	0.001	0.001
0.001	0.094	0.904	0.001
0.001	0.001	0.001	0.997
>VMGGAART	2-VMGGAART	5.503373	-1097.975214	0	T:4162.0(59.61%),B:13652.9(32.30%),P:1e-476	Tpos:100.9,Tstd:53.7,Bpos:99.8,Bstd:61.0,StrandBias:0.0,Multiplicity:1.25
0.248	0.331	0.361	0.060
0.378	0.462	0.122	0.038
0.129	0.001	0.869	0.001
0.013	0.022	0.954	0.011
0.970	0.028	0.001	0.001
0.723	0.039	0.001	0.237
0.508	0.079	0.412	0.001
0.047	0.125	0.046	0.782
>ATTTGCAT	3-ATTTGCAT	8.769092	-1015.388432	0	T:943.0(13.51%),B:883.8(2.09%),P:1e-440	Tpos:99.0,Tstd:51.3,Bpos:94.4,Bstd:63.0,StrandBias:0.1,Multiplicity:1.11
0.883	0.115	0.001	0.001
0.001	0.001	0.001	0.997
0.001	0.001	0.001	0.997
0.001	0.001	0.001	0.997
0.001	0.001	0.997	0.001
0.129	0.869	0.001	0.001
0.997	0.001	0.001	0.001
0.001	0.001	0.001	0.997
>TTCCRCTT	4-TTCCRCTT	6.769462	-973.757830	0	T:2664.0(38.16%),B:6850.1(16.21%),P:1e-422	Tpos:99.2,Tstd:52.9,Bpos:100.1,Bstd:62.8,StrandBias:0.1,Multiplicity:1.30
0.023	0.048	0.001	0.928
0.013	0.029	0.003	0.955
0.024	0.596	0.007	0.373
0.046	0.890	0.016	0.048
0.300	0.053	0.406	0.241
0.070	0.475	0.245	0.209
0.068	0.088	0.008	0.836
0.036	0.045	0.004	0.915
>TTTGCATA	5-TTTGCATA	8.672061	-900.811212	0	T:937.0(13.42%),B:1004.5(2.38%),P:1e-391	Tpos:98.9,Tstd:51.5,Bpos:99.0,Bstd:61.5,StrandBias:0.1,Multiplicity:1.04
0.001	0.001	0.001	0.997
0.001	0.001	0.001	0.997
0.001	0.001	0.001	0.997
0.162	0.001	0.836	0.001
0.153	0.845	0.001	0.001
0.997	0.001	0.001	0.001
0.001	0.001	0.001	0.997
0.870	0.001	0.128	0.001
>ATGCAAAT	6-ATGCAAAT	7.384730	-683.798419	0	T:1157.0(16.57%),B:1994.1(4.72%),P:1e-296	Tpos:97.7,Tstd:51.3,Bpos:99.5,Bstd:61.8,StrandBias:0.1,Multiplicity:1.05
0.684	0.076	0.022	0.218
0.137	0.041	0.322	0.500
0.035	0.192	0.771	0.002
0.148	0.666	0.174	0.012
0.860	0.090	0.032	0.018
0.997	0.001	0.001	0.001
0.933	0.001	0.001	0.065
0.175	0.049	0.001	0.775
>TGATTGGY	7-TGATTGGY	6.635302	-426.066450	0	T:1203.0(17.23%),B:2913.3(6.89%),P:1e-185	Tpos:100.7,Tstd:52.6,Bpos:95.2,Bstd:61.4,StrandBias:0.2,Multiplicity:1.40
0.001	0.274	0.085	0.640
0.051	0.225	0.577	0.147
0.997	0.001	0.001	0.001
0.045	0.001	0.001	0.953
0.054	0.044	0.001	0.901
0.001	0.020	0.895	0.084
0.054	0.009	0.931	0.006
0.102	0.470	0.079	0.349
>CTGATTGG	8-CTGATTGG	6.446363	-272.457445	0	T:956.0(13.69%),B:2561.7(6.06%),P:1e-118	Tpos:104.0,Tstd:52.6,Bpos:96.1,Bstd:62.3,StrandBias:-0.1,Multiplicity:1.05
0.001	0.959	0.020	0.020
0.001	0.097	0.055	0.847
0.181	0.095	0.723	0.001
0.971	0.001	0.001	0.027
0.028	0.001	0.094	0.877
0.093	0.001	0.022	0.884
0.072	0.042	0.776	0.110
0.020	0.001	0.978	0.001
>GAGGCGGD	9-GAGGCGGD	4.142717	-230.539869	0	T:1520.0(21.77%),B:5318.1(12.58%),P:1e-100	Tpos:101.2,Tstd:56.5,Bpos:98.4,Bstd:62.3,StrandBias:-0.1,Multiplicity:1.25
0.150	0.001	0.570	0.279
0.628	0.001	0.370	0.001
0.001	0.001	0.997	0.001
0.001	0.001	0.997	0.001
0.001	0.997	0.001	0.001
0.001	0.001	0.997	0.001
0.001	0.001	0.969	0.029
0.356	0.001	0.326	0.317
>GCCCCGCC	10-GCCCCGCC	6.526034	-220.327948	0	T:1515.0(21.70%),B:5369.6(12.70%),P:1e-95	Tpos:98.3,Tstd:57.3,Bpos:95.4,Bstd:61.5,StrandBias:0.0,Multiplicity:1.42
0.041	0.001	0.936	0.022
0.022	0.813	0.064	0.101
0.030	0.813	0.001	0.156
0.063	0.935	0.001	0.001
0.020	0.924	0.001	0.055
0.130	0.001	0.825	0.044
0.004	0.994	0.001	0.001
0.001	0.997	0.001	0.001
>TGTGGTTA	11-TGTGGTTA	7.021301	-201.273705	0	T:944.0(13.52%),B:2870.5(6.79%),P:1e-87	Tpos:102.4,Tstd:53.2,Bpos:100.1,Bstd:61.3,StrandBias:-0.0,Multiplicity:1.08
0.001	0.040	0.001	0.958
0.012	0.001	0.910	0.077
0.001	0.012	0.001	0.986
0.001	0.001	0.997	0.001
0.001	0.058	0.940	0.001
0.001	0.013	0.030	0.956
0.084	0.073	0.040	0.803
0.662	0.021	0.001	0.316
>AARGGGAA	12-AARGGGAA	9.840119	-177.170804	0	T:504.0(7.22%),B:1192.4(2.82%),P:1e-76	Tpos:96.9,Tstd:52.0,Bpos:102.2,Bstd:60.6,StrandBias:-0.0,Multiplicity:1.03
0.997	0.001	0.001	0.001
0.997	0.001	0.001	0.001
0.502	0.001	0.496	0.001
0.001	0.001	0.997	0.001
0.001	0.001	0.997	0.001
0.001	0.001	0.997	0.001
0.588	0.001	0.410	0.001
0.997	0.001	0.001	0.001
>TGASTCAT	13-TGASTCAT	6.382437	-173.626989	0	T:838.0(12.00%),B:2568.8(6.08%),P:1e-75	Tpos:98.7,Tstd:53.5,Bpos:99.5,Bstd:63.6,StrandBias:-0.0,Multiplicity:1.07
0.010	0.040	0.014	0.936
0.008	0.053	0.793	0.146
0.800	0.133	0.020	0.047
0.040	0.535	0.412	0.013
0.062	0.025	0.100	0.813
0.131	0.771	0.075	0.023
0.889	0.004	0.068	0.039
0.068	0.300	0.165	0.467
>AACAGCTG	14-AACAGCTG	6.465026	-163.298823	0	T:1671.0(23.93%),B:6626.3(15.68%),P:1e-70	Tpos:100.6,Tstd:54.6,Bpos:101.4,Bstd:64.6,StrandBias:0.0,Multiplicity:1.17
0.527	0.278	0.068	0.127
0.761	0.068	0.141	0.030
0.001	0.997	0.001	0.001
0.997	0.001	0.001	0.001
0.001	0.001	0.944	0.054
0.062	0.936	0.001	0.001
0.001	0.015	0.001	0.983
0.032	0.011	0.938	0.019
>KTGGMAAC	15-KTGGMAAC	5.032580	-132.398502	0	T:1201.0(17.20%),B:4561.2(10.79%),P:1e-57	Tpos:103.8,Tstd:53.8,Bpos:98.1,Bstd:63.1,StrandBias:0.0,Multiplicity:1.10
0.012	0.100	0.395	0.493
0.001	0.001	0.001	0.997
0.422	0.001	0.576	0.001
0.001	0.001	0.997	0.001
0.402	0.469	0.001	0.128
0.997	0.001	0.001	0.001
0.997	0.001	0.001	0.001
0.001	0.997	0.001	0.001
>AAGCAGAA	16-AAGCAGAA	8.236954	-131.960465	0	T:335.0(4.80%),B:739.1(1.75%),P:1e-57	Tpos:100.5,Tstd:51.9,Bpos:100.8,Bstd:63.4,StrandBias:-0.2,Multiplicity:1.06
0.700	0.100	0.100	0.100
0.700	0.100	0.100	0.100
0.100	0.100	0.700	0.100
0.100	0.700	0.100	0.100
0.700	0.100	0.100	0.100
0.100	0.100	0.700	0.100
0.700	0.100	0.100	0.100
0.700	0.100	0.100	0.100
>AGTGACGC	17-AGTGACGC	6.231691	-119.879082	0	T:700.0(10.03%),B:2294.1(5.43%),P:1e-52	Tpos:98.9,Tstd:55.7,Bpos:99.8,Bstd:65.5,StrandBias:-0.1,Multiplicity:1.06
0.778	0.101	0.053	0.068
0.020	0.093	0.886	0.001
0.058	0.001	0.001	0.940
0.019	0.049	0.931	0.001
0.968	0.017	0.001	0.014
0.001	0.933	0.065	0.001
0.137	0.001	0.828	0.034
0.062	0.843	0.001	0.094
>TGACGTCA	18-TGACGTCA	5.986715	-104.656404	0	T:753.0(10.78%),B:2647.4(6.26%),P:1e-45	Tpos:101.3,Tstd:55.7,Bpos:97.9,Bstd:63.0,StrandBias:0.0,Multiplicity:1.07
0.075	0.027	0.053	0.845
0.043	0.107	0.738	0.112
0.926	0.031	0.001	0.042
0.001	0.885	0.100	0.014
0.186	0.107	0.663	0.044
0.031	0.082	0.129	0.758
0.234	0.536	0.162	0.068
0.655	0.155	0.146	0.044
>STCTGWCA	19-STCTGWCA	6.093356	-104.058063	0	T:2117.0(30.32%),B:9697.1(22.94%),P:1e-45	Tpos:98.3,Tstd:56.8,Bpos:100.1,Bstd:63.3,StrandBias:-0.1,Multiplicity:1.17
0.185	0.340	0.474	0.001
0.139	0.170	0.104	0.587
0.154	0.596	0.249	0.001
0.209	0.188	0.001	0.602
0.001	0.001	0.997	0.001
0.465	0.001	0.001	0.533
0.001	0.943	0.055	0.001
0.997	0.001	0.001	0.001
>CTCCACCC	20-CTCCACCC	5.890734	-73.725894	0	T:990.0(14.18%),B:4106.5(9.72%),P:1e-32	Tpos:100.0,Tstd:56.0,Bpos:99.1,Bstd:56.0,StrandBias:-0.2,Multiplicity:1.10
0.001	0.610	0.001	0.388
0.345	0.001	0.001	0.653
0.001	0.997	0.001	0.001
0.001	0.779	0.001	0.219
0.980	0.001	0.001	0.018
0.001	0.997	0.001	0.001
0.001	0.997	0.001	0.001
0.001	0.997	0.001	0.001
>GGTAACCA	21-GGTAACCA	9.228216	-55.762344	0	T:212.0(3.04%),B:582.1(1.38%),P:1e-24	Tpos:96.5,Tstd:54.6,Bpos:100.1,Bstd:61.4,StrandBias:0.5,Multiplicity:1.09
0.001	0.001	0.762	0.236
0.001	0.001	0.997	0.001
0.001	0.223	0.001	0.775
0.928	0.001	0.001	0.070
0.997	0.001	0.001	0.001
0.001	0.997	0.001	0.001
0.001	0.997	0.001	0.001
0.997	0.001	0.001	0.001
>GGTGTGGC	22-GGTGTGGC	8.093036	-53.268614	0	T:436.0(6.24%),B:1587.3(3.76%),P:1e-23	Tpos:101.5,Tstd:52.4,Bpos:98.4,Bstd:59.7,StrandBias:-0.1,Multiplicity:1.09
0.001	0.001	0.997	0.001
0.069	0.001	0.929	0.001
0.144	0.001	0.001	0.854
0.001	0.001	0.997	0.001
0.001	0.001	0.001	0.997
0.001	0.001	0.997	0.001
0.138	0.001	0.860	0.001
0.001	0.997	0.001	0.001
>CCCGATAG	23-CCCGATAG	4.105883	-44.885475	0	T:142.0(2.03%),B:358.2(0.85%),P:1e-19	Tpos:99.9,Tstd:53.1,Bpos:98.6,Bstd:60.9,StrandBias:0.2,Multiplicity:1.03
0.253	0.745	0.001	0.001
0.001	0.997	0.001	0.001
0.001	0.997	0.001	0.001
0.055	0.001	0.943	0.001
0.997	0.001	0.001	0.001
0.001	0.001	0.001	0.997
0.997	0.001	0.001	0.001
0.001	0.001	0.997	0.001
>CCCCAGGG	24-CCCCAGGG	7.757742	-41.972948	0	T:435.0(6.23%),B:1689.2(4.00%),P:1e-18	Tpos:98.2,Tstd:53.5,Bpos:99.4,Bstd:57.0,StrandBias:0.0,Multiplicity:1.02
0.001	0.997	0.001	0.001
0.001	0.997	0.001	0.001
0.001	0.997	0.001	0.001
0.001	0.933	0.001	0.065
0.610	0.001	0.001	0.388
0.001	0.001	0.914	0.084
0.001	0.001	0.997	0.001
0.001	0.001	0.997	0.001
>AGTCAAAT	25-AGTCAAAT	8.236954	-27.954589	0	T:85.0(1.22%),B:213.7(0.51%),P:1e-12	Tpos:106.0,Tstd:52.4,Bpos:98.6,Bstd:64.7,StrandBias:-0.1,Multiplicity:1.03
0.700	0.100	0.100	0.100
0.100	0.100	0.700	0.100
0.100	0.100	0.100	0.700
0.100	0.700	0.100	0.100
0.700	0.100	0.100	0.100
0.700	0.100	0.100	0.100
0.700	0.100	0.100	0.100
0.100	0.100	0.100	0.700
