>CACTTCCTCTTT	1-CACTTCCTCTTT	8.232557	-2408.496937	0	T:1919.0(27.48%),B:1571.8(3.72%),P:1e-1045	Tpos:100.7,Tstd:48.5,Bpos:99.6,Bstd:58.7,StrandBias:0.0,Multiplicity:1.15
0.156	0.465	0.156	0.224
0.729	0.021	0.198	0.052
0.001	0.704	0.253	0.042
0.004	0.001	0.001	0.994
0.001	0.001	0.001	0.997
0.001	0.918	0.001	0.080
0.001	0.832	0.001	0.166
0.003	0.243	0.162	0.592
0.020	0.655	0.187	0.138
0.190	0.067	0.001	0.742
0.138	0.075	0.072	0.715
0.125	0.206	0.048	0.621
>DTATGCAAATNA	2-DTATGCAAATNA	8.334779	-1365.473306	0	T:1071.0(15.34%),B:807.7(1.91%),P:1e-593	Tpos:98.9,Tstd:49.1,Bpos:94.7,Bstd:58.5,StrandBias:-0.1,Multiplicity:1.11
0.364	0.171	0.223	0.241
0.138	0.262	0.101	0.499
0.899	0.001	0.014	0.086
0.088	0.001	0.157	0.754
0.036	0.001	0.726	0.237
0.002	0.776	0.066	0.156
0.997	0.001	0.001	0.001
0.987	0.001	0.011	0.001
0.997	0.001	0.001	0.001
0.125	0.117	0.181	0.577
0.221	0.238	0.259	0.283
0.421	0.177	0.144	0.258
>NRCTTCCTSTNN	3-NRCTTCCTSTNN	8.177135	-1163.710405	0	T:1794.0(25.69%),B:2978.9(7.05%),P:1e-505	Tpos:102.6,Tstd:51.2,Bpos:99.3,Bstd:59.2,StrandBias:0.2,Multiplicity:1.09
0.204	0.328	0.191	0.277
0.481	0.099	0.347	0.073
0.001	0.680	0.021	0.298
0.001	0.006	0.001	0.992
0.001	0.014	0.021	0.964
0.041	0.909	0.045	0.005
0.001	0.997	0.001	0.001
0.005	0.091	0.081	0.823
0.023	0.497	0.384	0.097
0.086	0.304	0.001	0.609
0.193	0.318	0.262	0.227
0.257	0.255	0.214	0.273
>GGAAGTGAAAST	4-GGAAGTGAAAST	9.526610	-1062.419441	0	T:603.0(8.64%),B:259.4(0.61%),P:1e-461	Tpos:98.3,Tstd:47.2,Bpos:106.0,Bstd:66.5,StrandBias:-0.0,Multiplicity:1.03
0.267	0.010	0.640	0.083
0.303	0.037	0.628	0.032
0.877	0.009	0.055	0.059
0.888	0.021	0.026	0.065
0.148	0.311	0.485	0.056
0.131	0.100	0.054	0.715
0.090	0.028	0.861	0.021
0.876	0.028	0.079	0.017
0.712	0.109	0.141	0.038
0.845	0.043	0.023	0.089
0.080	0.489	0.347	0.083
0.152	0.289	0.040	0.519
>KBYSATTGGYYV	5-KBYSATTGGYYV	7.951407	-521.813427	0	T:884.0(12.66%),B:1503.1(3.56%),P:1e-226	Tpos:100.7,Tstd:51.0,Bpos:93.1,Bstd:60.8,StrandBias:0.1,Multiplicity:1.36
0.179	0.198	0.265	0.358
0.131	0.354	0.268	0.247
0.001	0.393	0.173	0.432
0.045	0.312	0.436	0.207
0.997	0.001	0.001	0.001
0.001	0.001	0.001	0.997
0.006	0.001	0.001	0.992
0.001	0.001	0.997	0.001
0.001	0.001	0.997	0.001
0.112	0.387	0.147	0.354
0.053	0.385	0.174	0.389
0.284	0.233	0.317	0.167
>DDGAAACHGAAA	6-DDGAAACHGAAA	9.717547	-515.459061	0	T:560.0(8.02%),B:618.0(1.46%),P:1e-223	Tpos:99.7,Tstd:53.3,Bpos:101.2,Bstd:65.1,StrandBias:0.3,Multiplicity:1.06
0.246	0.187	0.352	0.215
0.337	0.029	0.245	0.388
0.174	0.209	0.616	0.001
0.689	0.001	0.309	0.001
0.987	0.001	0.011	0.001
0.977	0.001	0.001	0.021
0.146	0.459	0.252	0.143
0.274	0.326	0.022	0.378
0.252	0.001	0.740	0.007
0.997	0.001	0.001	0.001
0.904	0.001	0.094	0.001
0.997	0.001	0.001	0.001
>RGGGCGGGGCCT	7-RGGGCGGGGCCT	7.097147	-425.021129	0	T:1594.0(22.83%),B:4524.6(10.70%),P:1e-184	Tpos:100.2,Tstd:54.9,Bpos:92.3,Bstd:57.6,StrandBias:-0.0,Multiplicity:1.32
0.369	0.001	0.431	0.198
0.137	0.001	0.861	0.001
0.001	0.001	0.997	0.001
0.001	0.001	0.997	0.001
0.170	0.532	0.001	0.297
0.001	0.001	0.997	0.001
0.001	0.001	0.848	0.150
0.324	0.001	0.657	0.018
0.090	0.083	0.822	0.005
0.032	0.874	0.001	0.093
0.110	0.592	0.074	0.224
0.274	0.135	0.151	0.441
>DSTTCCTCAWWN	8-DSTTCCTCAWWN	9.044016	-351.334307	0	T:360.0(5.16%),B:368.7(0.87%),P:1e-152	Tpos:99.6,Tstd:51.1,Bpos:102.2,Bstd:54.2,StrandBias:0.5,Multiplicity:1.01
0.364	0.162	0.241	0.233
0.070	0.453	0.402	0.075
0.021	0.020	0.039	0.920
0.021	0.051	0.035	0.893
0.100	0.796	0.037	0.067
0.014	0.929	0.012	0.045
0.055	0.333	0.008	0.604
0.041	0.866	0.059	0.034
0.812	0.093	0.008	0.087
0.323	0.101	0.168	0.408
0.375	0.153	0.194	0.278
0.275	0.254	0.178	0.294
>ASTTCTGCTTTY	9-ASTTCTGCTTTY	11.904337	-274.294057	0	T:166.0(2.38%),B:79.2(0.19%),P:1e-119	Tpos:96.2,Tstd:48.4,Bpos:97.6,Bstd:68.7,StrandBias:0.5,Multiplicity:1.00
0.554	0.001	0.160	0.285
0.001	0.433	0.518	0.048
0.092	0.001	0.001	0.906
0.001	0.001	0.080	0.918
0.017	0.950	0.001	0.032
0.001	0.034	0.001	0.964
0.041	0.035	0.883	0.041
0.001	0.829	0.093	0.077
0.052	0.053	0.001	0.894
0.018	0.071	0.001	0.910
0.001	0.322	0.001	0.676
0.122	0.462	0.001	0.415
>TGACTCACTTCC	10-TGACTCACTTCC	7.341423	-238.736196	0	T:706.0(10.11%),B:1717.1(4.06%),P:1e-103	Tpos:103.2,Tstd:52.9,Bpos:99.1,Bstd:61.7,StrandBias:0.1,Multiplicity:1.09
0.101	0.059	0.076	0.764
0.080	0.109	0.720	0.091
0.703	0.096	0.089	0.112
0.063	0.739	0.129	0.069
0.099	0.080	0.040	0.781
0.060	0.740	0.117	0.083
0.792	0.080	0.045	0.083
0.040	0.745	0.115	0.100
0.093	0.098	0.036	0.773
0.056	0.088	0.104	0.752
0.057	0.755	0.084	0.104
0.094	0.736	0.046	0.124
>NNGTTTCGGTKN	11-NNGTTTCGGTKN	5.652998	-164.057601	0	T:470.0(6.73%),B:1115.7(2.64%),P:1e-71	Tpos:94.1,Tstd:53.6,Bpos:97.8,Bstd:63.7,StrandBias:0.2,Multiplicity:1.11
0.207	0.285	0.205	0.303
0.261	0.199	0.250	0.289
0.093	0.124	0.656	0.127
0.098	0.167	0.121	0.614
0.141	0.106	0.133	0.620
0.154	0.125	0.143	0.578
0.154	0.522	0.159	0.165
0.173	0.223	0.483	0.121
0.090	0.162	0.631	0.117
0.109	0.154	0.151	0.586
0.188	0.188	0.259	0.364
0.258	0.252	0.274	0.216
>GGGAAATCCCCT	12-GGGAAATCCCCT	8.249426	-152.764825	0	T:407.0(5.83%),B:925.3(2.19%),P:1e-66	Tpos:100.5,Tstd:54.1,Bpos:97.3,Bstd:53.9,StrandBias:0.1,Multiplicity:1.03
0.166	0.011	0.678	0.145
0.001	0.001	0.975	0.023
0.040	0.040	0.909	0.011
0.600	0.054	0.335	0.011
0.664	0.212	0.105	0.019
0.440	0.086	0.236	0.238
0.099	0.129	0.292	0.481
0.051	0.539	0.154	0.256
0.176	0.818	0.001	0.005
0.008	0.890	0.019	0.083
0.032	0.890	0.003	0.075
0.309	0.178	0.036	0.478
>BATGASTCAKHM	13-BATGASTCAKHM	4.467061	-140.880560	0	T:803.0(11.50%),B:2616.0(6.19%),P:1e-61	Tpos:101.3,Tstd:53.8,Bpos:101.3,Bstd:62.9,StrandBias:-0.1,Multiplicity:1.06
0.054	0.271	0.280	0.394
0.507	0.281	0.063	0.149
0.001	0.001	0.001	0.997
0.001	0.002	0.984	0.013
0.997	0.001	0.001	0.001
0.048	0.404	0.500	0.048
0.001	0.001	0.001	0.997
0.001	0.997	0.001	0.001
0.997	0.001	0.001	0.001
0.206	0.075	0.416	0.303
0.399	0.337	0.002	0.262
0.425	0.468	0.040	0.067
>BCTGCTTTGCAT	14-BCTGCTTTGCAT	10.849521	-121.561248	0	T:46.0(0.66%),B:8.4(0.02%),P:1e-52	Tpos:103.1,Tstd:52.2,Bpos:169.4,Bstd:19.6,StrandBias:0.2,Multiplicity:1.00
0.037	0.271	0.402	0.290
0.193	0.558	0.026	0.223
0.172	0.031	0.026	0.771
0.020	0.001	0.896	0.083
0.026	0.576	0.021	0.377
0.036	0.082	0.010	0.872
0.016	0.064	0.200	0.720
0.031	0.026	0.001	0.942
0.042	0.120	0.760	0.078
0.174	0.491	0.174	0.162
0.683	0.221	0.001	0.095
0.308	0.038	0.083	0.571
>CGCTGTGGTTTG	15-CGCTGTGGTTTG	7.554782	-113.668960	0	T:783.0(11.21%),B:2717.1(6.43%),P:1e-49	Tpos:101.7,Tstd:54.9,Bpos:100.4,Bstd:61.1,StrandBias:-0.1,Multiplicity:1.10
0.187	0.442	0.201	0.170
0.114	0.106	0.603	0.177
0.083	0.729	0.116	0.072
0.098	0.029	0.014	0.859
0.004	0.070	0.880	0.046
0.087	0.017	0.072	0.824
0.019	0.010	0.928	0.043
0.037	0.112	0.770	0.081
0.041	0.105	0.083	0.771
0.037	0.126	0.120	0.717
0.081	0.020	0.113	0.786
0.087	0.113	0.693	0.107
>HNCCATRGCAAC	16-HNCCATRGCAAC	7.890583	-111.712799	0	T:513.0(7.35%),B:1528.1(3.62%),P:1e-48	Tpos:99.1,Tstd:52.2,Bpos:97.2,Bstd:62.2,StrandBias:0.3,Multiplicity:1.05
0.241	0.322	0.110	0.326
0.303	0.241	0.204	0.252
0.081	0.528	0.037	0.354
0.018	0.835	0.001	0.146
0.556	0.133	0.009	0.302
0.052	0.208	0.075	0.665
0.571	0.001	0.427	0.001
0.040	0.001	0.958	0.001
0.256	0.654	0.029	0.061
0.949	0.009	0.022	0.020
0.906	0.001	0.082	0.011
0.022	0.861	0.101	0.016
>NCCCATTGGCTB	17-NCCCATTGGCTB	9.194246	-90.035184	0	T:273.0(3.91%),B:667.7(1.58%),P:1e-39	Tpos:95.0,Tstd:55.6,Bpos:100.1,Bstd:60.3,StrandBias:0.3,Multiplicity:1.01
0.278	0.245	0.202	0.276
0.001	0.997	0.001	0.001
0.055	0.870	0.001	0.074
0.001	0.997	0.001	0.001
0.784	0.084	0.001	0.131
0.046	0.193	0.141	0.620
0.115	0.001	0.116	0.768
0.001	0.046	0.884	0.069
0.001	0.011	0.987	0.001
0.001	0.929	0.069	0.001
0.022	0.001	0.001	0.976
0.109	0.312	0.344	0.236
>GTGACAGCTGTT	18-GTGACAGCTGTT	7.354775	-88.711779	0	T:598.0(8.56%),B:2053.2(4.86%),P:1e-38	Tpos:101.2,Tstd:54.0,Bpos:100.5,Bstd:63.2,StrandBias:0.0,Multiplicity:1.05
0.091	0.133	0.690	0.086
0.111	0.050	0.098	0.741
0.087	0.131	0.723	0.059
0.715	0.099	0.096	0.090
0.079	0.776	0.090	0.055
0.842	0.034	0.038	0.086
0.055	0.068	0.780	0.097
0.085	0.758	0.079	0.078
0.080	0.049	0.046	0.825
0.051	0.075	0.783	0.091
0.076	0.124	0.099	0.701
0.092	0.120	0.120	0.668
>GGGAHTTGTAGT	19-GGGAHTTGTAGT	9.907711	-71.805294	0	T:109.0(1.56%),B:167.9(0.40%),P:1e-31	Tpos:98.7,Tstd:52.5,Bpos:92.2,Bstd:65.7,StrandBias:0.3,Multiplicity:1.22
0.044	0.001	0.954	0.001
0.065	0.001	0.933	0.001
0.043	0.001	0.869	0.087
0.705	0.044	0.110	0.141
0.332	0.288	0.181	0.200
0.167	0.139	0.176	0.518
0.121	0.154	0.022	0.703
0.001	0.001	0.955	0.043
0.022	0.065	0.001	0.912
0.944	0.001	0.033	0.022
0.021	0.001	0.977	0.001
0.022	0.001	0.022	0.955
>TGGTGACGTCAT	20-TGGTGACGTCAT	7.744974	-58.579797	0	T:250.0(3.58%),B:722.3(1.71%),P:1e-25	Tpos:99.1,Tstd:55.4,Bpos:98.8,Bstd:61.5,StrandBias:0.2,Multiplicity:1.04
0.101	0.096	0.103	0.700
0.098	0.046	0.789	0.067
0.120	0.107	0.712	0.061
0.057	0.017	0.060	0.866
0.048	0.075	0.809	0.068
0.836	0.060	0.049	0.055
0.102	0.618	0.153	0.127
0.135	0.128	0.607	0.130
0.074	0.062	0.062	0.802
0.068	0.793	0.079	0.060
0.809	0.062	0.054	0.075
0.081	0.123	0.134	0.662
>GGGCCCGCCTCC	21-GGGCCCGCCTCC	10.879087	-40.139993	0	T:90.0(1.29%),B:187.0(0.44%),P:1e-17	Tpos:102.3,Tstd:53.4,Bpos:104.3,Bstd:61.0,StrandBias:0.1,Multiplicity:1.05
0.308	0.177	0.514	0.001
0.280	0.055	0.652	0.013
0.113	0.154	0.732	0.001
0.001	0.956	0.001	0.042
0.001	0.956	0.001	0.042
0.002	0.839	0.042	0.117
0.001	0.001	0.997	0.001
0.001	0.997	0.001	0.001
0.001	0.997	0.001	0.001
0.008	0.001	0.001	0.990
0.001	0.997	0.001	0.001
0.001	0.997	0.001	0.001
>AGCACTGCCTCC	22-AGCACTGCCTCC	12.480052	-23.071006	0	T:9.0(0.13%),B:2.4(0.01%),P:1e-10	Tpos:115.8,Tstd:54.7,Bpos:112.7,Bstd:50.6,StrandBias:1.2,Multiplicity:1.62
0.833	0.045	0.077	0.045
0.107	0.022	0.837	0.034
0.079	0.846	0.053	0.022
0.873	0.011	0.045	0.071
0.056	0.824	0.086	0.034
0.109	0.045	0.067	0.779
0.001	0.030	0.902	0.067
0.094	0.831	0.041	0.034
0.011	0.899	0.034	0.056
0.108	0.019	0.045	0.828
0.056	0.787	0.082	0.075
0.115	0.772	0.079	0.034
>ATGTGTTAGAGG	23-ATGTGTTAGAGG	13.455561	-13.508502	0	T:6.0(0.09%),B:2.9(0.01%),P:1e-5	Tpos:97.8,Tstd:53.6,Bpos:58.1,Bstd:5.5,StrandBias:2.7,Multiplicity:2.50
0.997	0.001	0.001	0.001
0.001	0.001	0.001	0.997
0.001	0.001	0.997	0.001
0.001	0.001	0.050	0.948
0.001	0.050	0.948	0.001
0.001	0.001	0.001	0.997
0.050	0.001	0.001	0.948
0.997	0.001	0.001	0.001
0.001	0.001	0.997	0.001
0.997	0.001	0.001	0.001
0.001	0.050	0.948	0.001
0.001	0.001	0.997	0.001
>TCCGCGTCTGCG	24-TCCGCGTCTGCG	13.678248	-10.600453	0	T:5.0(0.07%),B:2.8(0.01%),P:1e-4	Tpos:54.7,Tstd:34.0,Bpos:89.4,Bstd:52.8,StrandBias:2.6,Multiplicity:4.20
0.001	0.001	0.001	0.997
0.282	0.716	0.001	0.001
0.001	0.853	0.001	0.145
0.001	0.001	0.997	0.001
0.001	0.997	0.001	0.001
0.001	0.001	0.997	0.001
0.001	0.001	0.001	0.997
0.001	0.997	0.001	0.001
0.001	0.001	0.001	0.997
0.001	0.001	0.716	0.282
0.001	0.997	0.001	0.001
0.001	0.282	0.716	0.001
>TTCAGCCTTCAG	25-TTCAGCCTTCAG	12.355432	-3.125414	0	T:2.0(0.03%),B:2.5(0.01%),P:1e-1	Tpos:83.7,Tstd:43.7,Bpos:43.1,Bstd:21.1,StrandBias:10.0,Multiplicity:6.00
0.100	0.100	0.100	0.700
0.100	0.100	0.100	0.700
0.100	0.700	0.100	0.100
0.700	0.100	0.100	0.100
0.100	0.100	0.700	0.100
0.100	0.700	0.100	0.100
0.100	0.700	0.100	0.100
0.100	0.100	0.100	0.700
0.100	0.100	0.100	0.700
0.100	0.700	0.100	0.100
0.700	0.100	0.100	0.100
0.100	0.100	0.700	0.100
