>GAGGAAGT	1-GAGGAAGT	7.804499	-3733.173579	0	T:6971.0(17.11%),B:2093.1(5.24%),P:1e-1621	Tpos:100.4,Tstd:51.6,Bpos:100.8,Bstd:60.3,StrandBias:-0.0,Multiplicity:1.10
0.001	0.186	0.812	0.001
0.822	0.051	0.126	0.001
0.001	0.001	0.997	0.001
0.001	0.001	0.997	0.001
0.997	0.001	0.001	0.001
0.997	0.001	0.001	0.001
0.001	0.081	0.917	0.001
0.001	0.001	0.001	0.997
>ATTTCCKS	2-ATTTCCKS	6.734448	-3729.177213	0	T:15015.0(36.85%),B:7436.7(18.62%),P:1e-1619	Tpos:99.7,Tstd:53.8,Bpos:99.1,Bstd:59.4,StrandBias:-0.0,Multiplicity:1.16
0.616	0.001	0.365	0.018
0.001	0.342	0.001	0.656
0.001	0.001	0.001	0.997
0.001	0.001	0.001	0.997
0.007	0.935	0.041	0.017
0.001	0.997	0.001	0.001
0.040	0.122	0.416	0.422
0.047	0.383	0.413	0.158
>AAGTGAAA	3-AAGTGAAA	4.361194	-3213.566668	0	T:12577.0(30.86%),B:6028.8(15.09%),P:1e-1395	Tpos:99.9,Tstd:53.8,Bpos:101.2,Bstd:62.1,StrandBias:-0.0,Multiplicity:1.24
0.997	0.001	0.001	0.001
0.997	0.001	0.001	0.001
0.001	0.098	0.900	0.001
0.303	0.036	0.085	0.576
0.001	0.001	0.997	0.001
0.654	0.001	0.344	0.001
0.997	0.001	0.001	0.001
0.997	0.001	0.001	0.001
>ATTTGCAT	4-ATTTGCAT	8.949059	-2626.034212	0	T:2982.0(7.32%),B:553.9(1.39%),P:1e-1140	Tpos:101.1,Tstd:51.1,Bpos:97.7,Bstd:56.9,StrandBias:-0.1,Multiplicity:1.09
0.997	0.001	0.001	0.001
0.001	0.001	0.001	0.997
0.001	0.001	0.001	0.997
0.001	0.001	0.001	0.997
0.001	0.001	0.997	0.001
0.120	0.878	0.001	0.001
0.997	0.001	0.001	0.001
0.001	0.001	0.001	0.997
>TATGCAAA	5-TATGCAAA	8.694028	-2504.006162	0	T:3957.0(9.71%),B:1013.9(2.54%),P:1e-1087	Tpos:98.0,Tstd:52.1,Bpos:98.7,Bstd:59.7,StrandBias:-0.0,Multiplicity:1.06
0.001	0.137	0.001	0.861
0.997	0.001	0.001	0.001
0.001	0.001	0.001	0.997
0.001	0.001	0.872	0.126
0.001	0.852	0.001	0.146
0.997	0.001	0.001	0.001
0.997	0.001	0.001	0.001
0.997	0.001	0.001	0.001
>TTCCGBTT	6-TTCCGBTT	5.583120	-1628.305792	0	T:9309.0(22.84%),B:5028.6(12.59%),P:1e-707	Tpos:99.8,Tstd:54.7,Bpos:100.6,Bstd:63.5,StrandBias:0.0,Multiplicity:1.09
0.054	0.001	0.001	0.944
0.057	0.049	0.012	0.882
0.015	0.549	0.190	0.246
0.098	0.486	0.142	0.274
0.101	0.001	0.711	0.187
0.072	0.240	0.347	0.342
0.158	0.227	0.031	0.584
0.199	0.174	0.137	0.489
>TBTCACTW	7-TBTCACTW	4.888959	-1341.054685	0	T:11358.0(27.87%),B:6991.4(17.50%),P:1e-582	Tpos:99.2,Tstd:55.7,Bpos:101.9,Bstd:62.4,StrandBias:-0.0,Multiplicity:1.14
0.042	0.284	0.147	0.527
0.138	0.290	0.228	0.345
0.239	0.001	0.003	0.757
0.001	0.643	0.355	0.001
0.621	0.016	0.362	0.001
0.070	0.445	0.256	0.229
0.248	0.001	0.175	0.576
0.310	0.127	0.170	0.393
>CATCCTGT	8-CATCCTGT	7.125557	-1145.966883	0	T:3393.0(8.33%),B:1321.8(3.31%),P:1e-497	Tpos:100.0,Tstd:56.0,Bpos:103.3,Bstd:59.2,StrandBias:0.1,Multiplicity:1.01
0.001	0.997	0.001	0.001
0.587	0.001	0.001	0.411
0.001	0.001	0.001	0.997
0.001	0.997	0.001	0.001
0.001	0.997	0.001	0.001
0.001	0.001	0.047	0.951
0.001	0.001	0.997	0.001
0.001	0.001	0.001	0.997
>GCCCCGCC	9-GCCCCGCC	6.210216	-1024.063731	0	T:9674.0(23.74%),B:6064.2(15.18%),P:1e-444	Tpos:99.5,Tstd:55.4,Bpos:93.5,Bstd:61.2,StrandBias:-0.0,Multiplicity:1.56
0.042	0.001	0.956	0.001
0.001	0.904	0.001	0.094
0.024	0.818	0.001	0.157
0.191	0.807	0.001	0.001
0.001	0.997	0.001	0.001
0.070	0.001	0.882	0.047
0.001	0.997	0.001	0.001
0.001	0.997	0.001	0.001
>CAGGGGGC	10-CAGGGGGC	5.419891	-948.715130	0	T:5340.0(13.10%),B:2797.0(7.00%),P:1e-412	Tpos:100.5,Tstd:55.4,Bpos:97.2,Bstd:59.2,StrandBias:-0.0,Multiplicity:1.06
0.001	0.956	0.001	0.042
0.997	0.001	0.001	0.001
0.001	0.001	0.997	0.001
0.274	0.001	0.724	0.001
0.001	0.001	0.694	0.304
0.001	0.001	0.997	0.001
0.001	0.001	0.997	0.001
0.001	0.997	0.001	0.001
>AATGGAAA	11-AATGGAAA	7.239771	-773.425051	0	T:3776.0(9.27%),B:1857.5(4.65%),P:1e-335	Tpos:101.3,Tstd:52.8,Bpos:101.3,Bstd:60.0,StrandBias:0.1,Multiplicity:1.06
0.706	0.118	0.001	0.175
0.853	0.001	0.145	0.001
0.001	0.001	0.001	0.997
0.001	0.042	0.956	0.001
0.001	0.147	0.851	0.001
0.997	0.001	0.001	0.001
0.997	0.001	0.001	0.001
0.997	0.001	0.001	0.001
>CVMATSMG	12-CVMATSMG	6.277448	-657.986514	0	T:7653.0(18.78%),B:4987.6(12.49%),P:1e-285	Tpos:99.7,Tstd:54.5,Bpos:99.1,Bstd:61.2,StrandBias:-0.1,Multiplicity:1.13
0.001	0.997	0.001	0.001
0.281	0.315	0.403	0.001
0.448	0.485	0.009	0.058
0.676	0.219	0.001	0.104
0.001	0.001	0.001	0.997
0.046	0.377	0.377	0.200
0.490	0.508	0.001	0.001
0.001	0.001	0.997	0.001
>GCCAATCG	13-GCCAATCG	7.667631	-647.041129	0	T:2840.0(6.97%),B:1330.6(3.33%),P:1e-281	Tpos:99.7,Tstd:52.6,Bpos:89.4,Bstd:61.3,StrandBias:-0.1,Multiplicity:1.17
0.119	0.012	0.868	0.001
0.001	0.995	0.001	0.003
0.010	0.988	0.001	0.001
0.991	0.001	0.001	0.007
0.997	0.001	0.001	0.001
0.005	0.001	0.001	0.993
0.070	0.748	0.157	0.025
0.380	0.046	0.573	0.001
>ADGGGCGG	14-ADGGGCGG	7.895342	-622.832013	0	T:3388.0(8.31%),B:1732.2(4.34%),P:1e-270	Tpos:97.7,Tstd:56.3,Bpos:95.1,Bstd:60.8,StrandBias:0.1,Multiplicity:1.06
0.588	0.040	0.253	0.119
0.295	0.001	0.299	0.405
0.231	0.001	0.608	0.160
0.001	0.001	0.997	0.001
0.162	0.001	0.808	0.029
0.001	0.997	0.001	0.001
0.001	0.001	0.997	0.001
0.001	0.001	0.930	0.068
>TGACGTCA	15-TGACGTCA	6.132908	-474.369916	0	T:4170.0(10.23%),B:2493.3(6.24%),P:1e-206	Tpos:102.0,Tstd:53.8,Bpos:97.0,Bstd:60.6,StrandBias:-0.0,Multiplicity:1.06
0.014	0.049	0.032	0.905
0.027	0.212	0.615	0.146
0.804	0.001	0.156	0.039
0.039	0.873	0.061	0.027
0.178	0.131	0.690	0.001
0.254	0.084	0.038	0.624
0.144	0.621	0.186	0.049
0.871	0.059	0.016	0.054
>GTAGTTTC	16-GTAGTTTC	6.830801	-460.254565	0	T:4132.0(10.14%),B:2484.7(6.22%),P:1e-199	Tpos:102.1,Tstd:56.5,Bpos:99.2,Bstd:63.6,StrandBias:0.1,Multiplicity:1.03
0.026	0.274	0.614	0.086
0.001	0.043	0.053	0.903
0.896	0.001	0.077	0.026
0.012	0.001	0.960	0.027
0.020	0.019	0.001	0.960
0.001	0.045	0.001	0.953
0.037	0.074	0.014	0.875
0.012	0.965	0.022	0.001
>TGTGGTTT	17-TGTGGTTT	8.167030	-416.569775	0	T:2631.0(6.46%),B:1412.2(3.54%),P:1e-180	Tpos:100.3,Tstd:54.5,Bpos:103.8,Bstd:60.6,StrandBias:0.1,Multiplicity:1.04
0.097	0.080	0.001	0.822
0.001	0.001	0.997	0.001
0.001	0.001	0.119	0.879
0.001	0.001	0.997	0.001
0.001	0.001	0.997	0.001
0.001	0.001	0.001	0.997
0.001	0.001	0.001	0.997
0.222	0.001	0.001	0.776
>WCTAGRGG	18-WCTAGRGG	7.066962	-390.099967	0	T:3730.0(9.15%),B:2276.9(5.70%),P:1e-169	Tpos:101.6,Tstd:54.7,Bpos:100.7,Bstd:60.8,StrandBias:-0.0,Multiplicity:1.05
0.447	0.213	0.001	0.340
0.001	0.922	0.001	0.076
0.001	0.001	0.001	0.997
0.997	0.001	0.001	0.001
0.001	0.001	0.885	0.113
0.401	0.152	0.253	0.194
0.001	0.076	0.922	0.001
0.053	0.207	0.739	0.001
>GTCACGTG	19-GTCACGTG	7.425959	-356.147694	0	T:2299.0(5.64%),B:1241.8(3.11%),P:1e-154	Tpos:100.1,Tstd:55.4,Bpos:102.0,Bstd:62.0,StrandBias:-0.1,Multiplicity:1.05
0.050	0.001	0.948	0.001
0.001	0.119	0.001	0.879
0.001	0.945	0.053	0.001
0.997	0.001	0.001	0.001
0.001	0.840	0.001	0.158
0.257	0.001	0.741	0.001
0.001	0.001	0.001	0.997
0.001	0.001	0.997	0.001
>TKACGCAH	20-TKACGCAH	4.371869	-287.124571	0	T:5702.0(13.99%),B:4091.9(10.24%),P:1e-124	Tpos:98.8,Tstd:55.0,Bpos:99.6,Bstd:63.4,StrandBias:0.0,Multiplicity:1.07
0.141	0.199	0.037	0.623
0.155	0.102	0.390	0.353
0.598	0.122	0.037	0.243
0.040	0.655	0.169	0.136
0.096	0.056	0.601	0.247
0.143	0.605	0.196	0.056
0.474	0.158	0.174	0.194
0.341	0.203	0.180	0.276
>WAACAGCT	21-WAACAGCT	5.868335	-270.414779	0	T:9551.0(23.44%),B:7524.5(18.84%),P:1e-117	Tpos:100.5,Tstd:55.7,Bpos:100.9,Bstd:62.1,StrandBias:-0.0,Multiplicity:1.12
0.397	0.140	0.103	0.359
0.604	0.175	0.043	0.178
0.828	0.001	0.170	0.001
0.001	0.821	0.001	0.177
0.704	0.205	0.090	0.001
0.001	0.048	0.950	0.001
0.203	0.782	0.001	0.014
0.001	0.070	0.275	0.654
>AGGGAAGT	22-AGGGAAGT	8.508377	-264.193919	0	T:2641.0(6.48%),B:1623.6(4.06%),P:1e-114	Tpos:100.3,Tstd:54.6,Bpos:102.7,Bstd:61.1,StrandBias:-0.1,Multiplicity:1.04
0.997	0.001	0.001	0.001
0.001	0.001	0.997	0.001
0.123	0.001	0.875	0.001
0.001	0.001	0.997	0.001
0.997	0.001	0.001	0.001
0.997	0.001	0.001	0.001
0.088	0.150	0.761	0.001
0.001	0.001	0.001	0.997
>GTTGTGGT	23-GTTGTGGT	8.300058	-213.534258	0	T:2921.0(7.17%),B:1934.1(4.84%),P:1e-92	Tpos:99.9,Tstd:54.7,Bpos:101.6,Bstd:61.1,StrandBias:-0.0,Multiplicity:1.15
0.001	0.324	0.513	0.162
0.104	0.227	0.001	0.668
0.001	0.001	0.001	0.997
0.001	0.001	0.576	0.422
0.001	0.001	0.001	0.997
0.001	0.001	0.997	0.001
0.001	0.001	0.997	0.001
0.001	0.001	0.001	0.997
>TCTCGCGA	24-TCTCGCGA	8.208500	-115.726709	0	T:296.0(0.73%),B:105.7(0.26%),P:1e-50	Tpos:96.2,Tstd:52.9,Bpos:100.5,Bstd:55.2,StrandBias:-0.0,Multiplicity:1.09
0.001	0.001	0.001	0.997
0.183	0.815	0.001	0.001
0.001	0.001	0.001	0.997
0.070	0.928	0.001	0.001
0.001	0.001	0.997	0.001
0.001	0.997	0.001	0.001
0.001	0.001	0.997	0.001
0.997	0.001	0.001	0.001
>AWTYAMCC	25-AWTYAMCC	7.045897	-57.436603	0	T:707.0(1.73%),B:457.8(1.15%),P:1e-24	Tpos:99.8,Tstd:53.7,Bpos:95.4,Bstd:62.8,StrandBias:-0.2,Multiplicity:1.28
0.915	0.001	0.029	0.055
0.506	0.001	0.001	0.492
0.111	0.118	0.097	0.674
0.048	0.459	0.130	0.363
0.453	0.277	0.209	0.061
0.497	0.501	0.001	0.001
0.155	0.663	0.155	0.027
0.001	0.836	0.162	0.001
