>ACTTYCRSTT	1-ACTTYCRSTT	6.575507	-5467.299309	0	T:10279.0(25.22%),B:3206.9(8.03%),P:1e-2374	Tpos:100.5,Tstd:51.4,Bpos:99.7,Bstd:61.5,StrandBias:0.0,Multiplicity:1.17
0.536	0.054	0.321	0.089
0.001	0.486	0.322	0.191
0.053	0.001	0.019	0.927
0.003	0.016	0.098	0.883
0.011	0.550	0.013	0.426
0.010	0.802	0.016	0.172
0.281	0.187	0.376	0.156
0.115	0.412	0.299	0.174
0.196	0.211	0.079	0.514
0.090	0.145	0.107	0.658
>GTTYCGSTTT	2-GTTYCGSTTT	7.007279	-4552.412762	0	T:9512.0(23.34%),B:3167.9(7.93%),P:1e-1977	Tpos:99.0,Tstd:54.1,Bpos:100.7,Bstd:60.5,StrandBias:-0.0,Multiplicity:1.10
0.041	0.372	0.566	0.021
0.042	0.001	0.018	0.939
0.020	0.001	0.001	0.978
0.001	0.518	0.004	0.477
0.001	0.840	0.019	0.140
0.230	0.224	0.401	0.144
0.127	0.355	0.337	0.182
0.297	0.029	0.101	0.573
0.089	0.127	0.070	0.714
0.079	0.268	0.156	0.497
>VMGGAARYNN	3-VMGGAARYNN	6.299857	-4452.544478	0	T:15543.0(38.14%),B:7276.1(18.22%),P:1e-1933	Tpos:100.0,Tstd:52.9,Bpos:99.0,Bstd:59.8,StrandBias:0.0,Multiplicity:1.21
0.273	0.294	0.365	0.068
0.313	0.461	0.192	0.034
0.193	0.001	0.805	0.001
0.022	0.001	0.935	0.042
0.994	0.001	0.001	0.004
0.868	0.023	0.001	0.108
0.334	0.241	0.418	0.007
0.107	0.379	0.001	0.513
0.328	0.189	0.290	0.193
0.261	0.236	0.219	0.284
>NTATGCAAAT	4-NTATGCAAAT	8.004357	-3496.702697	0	T:4255.0(10.44%),B:859.7(2.15%),P:1e-1518	Tpos:100.1,Tstd:50.5,Bpos:98.9,Bstd:58.0,StrandBias:0.1,Multiplicity:1.11
0.197	0.198	0.263	0.342
0.145	0.252	0.070	0.533
0.954	0.012	0.013	0.021
0.055	0.008	0.026	0.911
0.001	0.004	0.820	0.175
0.010	0.902	0.014	0.074
0.976	0.001	0.001	0.022
0.994	0.001	0.004	0.001
0.963	0.008	0.023	0.006
0.111	0.051	0.088	0.750
>ACMGGAAGYG	5-ACMGGAAGYG	7.540332	-2552.246424	0	T:6335.0(15.55%),B:2284.1(5.72%),P:1e-1108	Tpos:100.2,Tstd:54.9,Bpos:100.4,Bstd:56.1,StrandBias:-0.1,Multiplicity:1.03
0.768	0.001	0.230	0.001
0.011	0.717	0.220	0.052
0.454	0.544	0.001	0.001
0.001	0.001	0.997	0.001
0.118	0.001	0.880	0.001
0.943	0.046	0.001	0.010
0.622	0.001	0.042	0.335
0.175	0.071	0.753	0.001
0.113	0.313	0.200	0.374
0.143	0.092	0.534	0.231
>ATGCAAATTA	6-ATGCAAATTA	6.519034	-2158.313968	0	T:8451.0(20.74%),B:3919.8(9.81%),P:1e-937	Tpos:100.3,Tstd:53.8,Bpos:98.8,Bstd:58.5,StrandBias:0.0,Multiplicity:1.11
0.792	0.025	0.064	0.119
0.034	0.093	0.180	0.693
0.027	0.021	0.710	0.242
0.042	0.580	0.251	0.127
0.857	0.007	0.001	0.135
0.940	0.016	0.034	0.010
0.943	0.019	0.031	0.007
0.154	0.131	0.150	0.565
0.139	0.234	0.217	0.410
0.508	0.130	0.162	0.200
>CCCCTAGTGG	7-CCCCTAGTGG	8.086893	-1918.808029	0	T:3512.0(8.62%),B:1006.7(2.52%),P:1e-833	Tpos:100.2,Tstd:53.2,Bpos:98.9,Bstd:55.7,StrandBias:0.1,Multiplicity:1.04
0.015	0.934	0.045	0.006
0.349	0.596	0.038	0.017
0.007	0.620	0.022	0.351
0.010	0.972	0.017	0.001
0.025	0.054	0.011	0.910
0.582	0.037	0.277	0.104
0.023	0.192	0.704	0.081
0.073	0.064	0.031	0.832
0.012	0.017	0.956	0.015
0.027	0.017	0.897	0.059
>DGGGCGGRGC	8-DGGGCGGRGC	7.155212	-1783.206581	0	T:8163.0(20.03%),B:4031.5(10.09%),P:1e-774	Tpos:100.0,Tstd:55.1,Bpos:89.8,Bstd:58.4,StrandBias:-0.0,Multiplicity:1.56
0.344	0.030	0.315	0.311
0.225	0.035	0.709	0.031
0.060	0.007	0.920	0.013
0.026	0.001	0.952	0.021
0.110	0.738	0.031	0.121
0.001	0.001	0.973	0.025
0.028	0.019	0.610	0.343
0.464	0.016	0.411	0.109
0.302	0.120	0.472	0.106
0.061	0.625	0.043	0.271
>SYGCCMYCTR	9-SYGCCMYCTR	7.872419	-1486.479606	0	T:4181.0(10.26%),B:1592.4(3.99%),P:1e-645	Tpos:101.5,Tstd:56.4,Bpos:99.6,Bstd:58.9,StrandBias:-0.0,Multiplicity:1.03
0.001	0.456	0.542	0.001
0.001	0.568	0.001	0.430
0.001	0.001	0.997	0.001
0.031	0.967	0.001	0.001
0.001	0.997	0.001	0.001
0.537	0.419	0.001	0.043
0.001	0.489	0.001	0.509
0.001	0.997	0.001	0.001
0.001	0.001	0.001	0.997
0.462	0.001	0.358	0.180
>CTSATTGGCY	10-CTSATTGGCY	7.255958	-1006.767352	0	T:4341.0(10.65%),B:2037.6(5.10%),P:1e-437	Tpos:99.8,Tstd:52.3,Bpos:93.9,Bstd:60.1,StrandBias:0.1,Multiplicity:1.16
0.147	0.447	0.246	0.160
0.025	0.299	0.081	0.595
0.201	0.301	0.406	0.093
0.903	0.001	0.095	0.001
0.008	0.001	0.006	0.985
0.022	0.008	0.001	0.969
0.001	0.006	0.703	0.290
0.001	0.001	0.997	0.001
0.039	0.485	0.198	0.278
0.143	0.342	0.131	0.384
>AGAAGTGAGA	11-AGAAGTGAGA	11.334572	-853.891307	0	T:745.0(1.83%),B:99.7(0.25%),P:1e-370	Tpos:96.0,Tstd:53.3,Bpos:87.8,Bstd:61.3,StrandBias:-0.3,Multiplicity:1.00
0.888	0.001	0.110	0.001
0.001	0.001	0.997	0.001
0.997	0.001	0.001	0.001
0.997	0.001	0.001	0.001
0.001	0.001	0.997	0.001
0.001	0.001	0.001	0.997
0.001	0.001	0.997	0.001
0.997	0.001	0.001	0.001
0.255	0.001	0.743	0.001
0.997	0.001	0.001	0.001
>GGGATTTCCC	12-GGGATTTCCC	9.307613	-675.734019	0	T:1031.0(2.53%),B:250.1(0.63%),P:1e-293	Tpos:102.6,Tstd:51.2,Bpos:106.7,Bstd:57.7,StrandBias:0.0,Multiplicity:1.02
0.005	0.035	0.925	0.035
0.028	0.019	0.909	0.044
0.179	0.020	0.737	0.064
0.591	0.102	0.204	0.103
0.076	0.231	0.075	0.618
0.011	0.027	0.042	0.920
0.040	0.169	0.051	0.740
0.036	0.712	0.021	0.231
0.021	0.936	0.038	0.005
0.029	0.914	0.035	0.022
>NHAACCACNN	13-NHAACCACNN	5.219893	-504.105714	0	T:4526.0(11.11%),B:2726.7(6.83%),P:1e-218	Tpos:99.4,Tstd:54.9,Bpos:102.2,Bstd:59.4,StrandBias:0.0,Multiplicity:1.06
0.211	0.316	0.280	0.192
0.342	0.197	0.141	0.320
0.448	0.275	0.269	0.007
0.536	0.212	0.251	0.001
0.001	0.552	0.098	0.349
0.001	0.800	0.001	0.198
0.594	0.004	0.397	0.005
0.002	0.677	0.318	0.003
0.306	0.232	0.220	0.242
0.223	0.264	0.270	0.243
>CGTGACGTCA	14-CGTGACGTCA	5.248730	-414.582642	0	T:5686.0(13.95%),B:3806.5(9.53%),P:1e-180	Tpos:101.9,Tstd:53.7,Bpos:97.0,Bstd:60.4,StrandBias:-0.0,Multiplicity:1.11
0.116	0.595	0.142	0.147
0.144	0.103	0.638	0.115
0.064	0.065	0.078	0.793
0.063	0.143	0.713	0.081
0.761	0.059	0.081	0.099
0.096	0.690	0.082	0.132
0.159	0.102	0.655	0.084
0.125	0.086	0.097	0.692
0.093	0.703	0.135	0.069
0.760	0.077	0.082	0.081
>CGCATGCGCR	15-CGCATGCGCR	6.904560	-277.520367	0	T:1203.0(2.95%),B:557.0(1.39%),P:1e-120	Tpos:98.7,Tstd:52.8,Bpos:89.8,Bstd:64.0,StrandBias:0.0,Multiplicity:1.13
0.168	0.617	0.113	0.102
0.198	0.086	0.628	0.088
0.213	0.544	0.146	0.097
0.620	0.187	0.055	0.138
0.112	0.060	0.251	0.577
0.147	0.107	0.659	0.087
0.217	0.640	0.020	0.123
0.055	0.101	0.699	0.145
0.110	0.525	0.096	0.269
0.406	0.156	0.261	0.177
>GGCCACACCC	16-GGCCACACCC	9.531333	-263.285683	0	T:1089.0(2.67%),B:493.8(1.24%),P:1e-114	Tpos:102.3,Tstd:51.7,Bpos:96.6,Bstd:58.0,StrandBias:0.2,Multiplicity:1.14
0.146	0.001	0.793	0.060
0.200	0.001	0.775	0.024
0.030	0.933	0.001	0.036
0.019	0.979	0.001	0.001
0.973	0.009	0.001	0.017
0.001	0.996	0.001	0.002
0.947	0.012	0.005	0.036
0.001	0.991	0.001	0.007
0.001	0.997	0.001	0.001
0.001	0.834	0.009	0.156
>ATTCACCCAA	17-ATTCACCCAA	9.872586	-191.393029	0	T:193.0(0.47%),B:31.3(0.08%),P:1e-83	Tpos:101.5,Tstd:40.2,Bpos:86.9,Bstd:53.3,StrandBias:-0.1,Multiplicity:1.01
0.997	0.001	0.001	0.001
0.001	0.001	0.001	0.997
0.001	0.001	0.001	0.997
0.001	0.997	0.001	0.001
0.997	0.001	0.001	0.001
0.001	0.997	0.001	0.001
0.001	0.997	0.001	0.001
0.001	0.979	0.019	0.001
0.997	0.001	0.001	0.001
0.997	0.001	0.001	0.001
>CTWTGAATAG	18-CTWTGAATAG	10.649098	-186.218555	0	T:212.0(0.52%),B:39.7(0.10%),P:1e-80	Tpos:95.9,Tstd:59.3,Bpos:86.4,Bstd:51.2,StrandBias:0.2,Multiplicity:1.00
0.001	0.997	0.001	0.001
0.236	0.001	0.249	0.514
0.491	0.034	0.001	0.475
0.236	0.266	0.001	0.496
0.327	0.001	0.517	0.155
0.997	0.001	0.001	0.001
0.997	0.001	0.001	0.001
0.001	0.001	0.001	0.997
0.997	0.001	0.001	0.001
0.001	0.001	0.997	0.001
>CTAAAAGCTC	19-CTAAAAGCTC	10.953498	-183.429339	0	T:177.0(0.43%),B:27.3(0.07%),P:1e-79	Tpos:103.9,Tstd:44.9,Bpos:93.8,Bstd:61.3,StrandBias:-0.2,Multiplicity:1.01
0.001	0.997	0.001	0.001
0.001	0.001	0.056	0.942
0.997	0.001	0.001	0.001
0.997	0.001	0.001	0.001
0.997	0.001	0.001	0.001
0.997	0.001	0.001	0.001
0.001	0.001	0.997	0.001
0.001	0.997	0.001	0.001
0.001	0.001	0.001	0.997
0.001	0.997	0.001	0.001
>GGGAMTTGTA	20-GGGAMTTGTA	6.902882	-171.035858	0	T:454.0(1.11%),B:164.6(0.41%),P:1e-74	Tpos:95.3,Tstd:55.6,Bpos:88.8,Bstd:53.4,StrandBias:-0.1,Multiplicity:1.06
0.001	0.001	0.997	0.001
0.001	0.001	0.997	0.001
0.001	0.001	0.997	0.001
0.726	0.001	0.001	0.272
0.552	0.442	0.005	0.001
0.133	0.001	0.267	0.599
0.001	0.001	0.001	0.997
0.001	0.001	0.997	0.001
0.001	0.001	0.001	0.997
0.997	0.001	0.001	0.001
>GGTTTTGGTT	21-GGTTTTGGTT	11.087030	-144.802078	0	T:289.0(0.71%),B:87.6(0.22%),P:1e-62	Tpos:95.1,Tstd:50.5,Bpos:97.7,Bstd:60.9,StrandBias:0.2,Multiplicity:1.80
0.001	0.001	0.997	0.001
0.001	0.064	0.934	0.001
0.001	0.001	0.001	0.997
0.001	0.001	0.001	0.997
0.001	0.001	0.001	0.997
0.001	0.001	0.001	0.997
0.001	0.001	0.997	0.001
0.001	0.001	0.997	0.001
0.001	0.001	0.001	0.997
0.001	0.001	0.001	0.997
>TTCTCGCGAG	22-TTCTCGCGAG	8.954418	-133.365175	0	T:250.0(0.61%),B:72.5(0.18%),P:1e-57	Tpos:95.8,Tstd:51.9,Bpos:102.8,Bstd:53.9,StrandBias:-0.1,Multiplicity:1.08
0.162	0.220	0.113	0.505
0.001	0.084	0.001	0.914
0.145	0.752	0.102	0.001
0.001	0.001	0.001	0.997
0.108	0.890	0.001	0.001
0.001	0.001	0.997	0.001
0.001	0.997	0.001	0.001
0.001	0.001	0.993	0.005
0.997	0.001	0.001	0.001
0.001	0.001	0.708	0.290
>GAGGAGTAGA	23-GAGGAGTAGA	10.296193	-125.730339	0	T:183.0(0.45%),B:43.8(0.11%),P:1e-54	Tpos:99.5,Tstd:41.2,Bpos:89.4,Bstd:52.8,StrandBias:-0.3,Multiplicity:1.01
0.100	0.100	0.700	0.100
0.700	0.100	0.100	0.100
0.100	0.100	0.700	0.100
0.100	0.100	0.700	0.100
0.700	0.100	0.100	0.100
0.100	0.100	0.700	0.100
0.100	0.100	0.100	0.700
0.700	0.100	0.100	0.100
0.100	0.100	0.700	0.100
0.700	0.100	0.100	0.100
>GAGAGAGCAC	24-GAGAGAGCAC	10.566609	-100.060650	0	T:181.0(0.44%),B:51.6(0.13%),P:1e-43	Tpos:105.0,Tstd:61.1,Bpos:106.9,Bstd:62.0,StrandBias:-0.2,Multiplicity:1.01
0.044	0.087	0.682	0.187
0.666	0.040	0.158	0.136
0.165	0.058	0.743	0.034
0.836	0.028	0.001	0.135
0.074	0.065	0.701	0.160
0.547	0.334	0.001	0.118
0.389	0.001	0.609	0.001
0.001	0.836	0.001	0.162
0.874	0.001	0.124	0.001
0.073	0.769	0.157	0.001
>TGAGTGCCTC	25-TGAGTGCCTC	10.723264	-92.867391	0	T:185.0(0.45%),B:56.2(0.14%),P:1e-40	Tpos:97.6,Tstd:65.0,Bpos:110.2,Bstd:62.7,StrandBias:0.1,Multiplicity:1.00
0.001	0.001	0.111	0.887
0.001	0.001	0.997	0.001
0.997	0.001	0.001	0.001
0.001	0.001	0.997	0.001
0.001	0.001	0.001	0.997
0.050	0.001	0.948	0.001
0.001	0.997	0.001	0.001
0.001	0.997	0.001	0.001
0.001	0.001	0.001	0.997
0.001	0.997	0.001	0.001
>AAAGAGGAAGTR	1-AAAGAGGAAGTR	8.077125	-5703.702970	0	T:9085.0(22.29%),B:2465.8(6.17%),P:1e-2477	Tpos:100.0,Tstd:50.8,Bpos:103.3,Bstd:61.4,StrandBias:-0.0,Multiplicity:1.18
0.533	0.057	0.312	0.098
0.755	0.055	0.128	0.062
0.772	0.006	0.136	0.086
0.182	0.271	0.539	0.008
0.475	0.118	0.126	0.281
0.100	0.001	0.898	0.001
0.361	0.001	0.637	0.001
0.997	0.001	0.001	0.001
0.991	0.001	0.001	0.007
0.104	0.284	0.611	0.001
0.105	0.222	0.041	0.632
0.315	0.101	0.406	0.179
>NNRCAGGAAGTR	2-NNRCAGGAAGTR	7.454539	-3859.229963	0	T:11192.0(27.47%),B:4599.9(11.52%),P:1e-1676	Tpos:99.9,Tstd:52.5,Bpos:98.9,Bstd:57.6,StrandBias:-0.1,Multiplicity:1.11
0.313	0.231	0.209	0.248
0.342	0.203	0.210	0.245
0.416	0.128	0.283	0.173
0.137	0.543	0.298	0.022
0.852	0.129	0.014	0.005
0.012	0.001	0.986	0.001
0.051	0.015	0.930	0.004
0.937	0.039	0.023	0.001
0.918	0.001	0.022	0.059
0.215	0.060	0.723	0.002
0.069	0.285	0.117	0.529
0.267	0.189	0.364	0.180
>DTATGCAAATNW	3-DTATGCAAATNW	8.629233	-3496.169119	0	T:3658.0(8.98%),B:624.5(1.56%),P:1e-1518	Tpos:99.9,Tstd:49.5,Bpos:96.7,Bstd:56.9,StrandBias:0.1,Multiplicity:1.09
0.317	0.165	0.214	0.305
0.137	0.302	0.082	0.478
0.941	0.001	0.003	0.055
0.051	0.001	0.042	0.906
0.020	0.002	0.805	0.173
0.028	0.782	0.050	0.140
0.978	0.001	0.001	0.020
0.994	0.001	0.001	0.004
0.996	0.001	0.001	0.002
0.124	0.065	0.144	0.667
0.229	0.262	0.299	0.209
0.406	0.184	0.102	0.308
>GCCCCCTRGTGG	4-GCCCCCTRGTGG	10.196621	-3183.111507	0	T:2430.0(5.96%),B:272.4(0.68%),P:1e-1382	Tpos:100.2,Tstd:52.4,Bpos:93.5,Bstd:58.1,StrandBias:0.0,Multiplicity:1.02
0.089	0.001	0.766	0.144
0.130	0.868	0.001	0.001
0.001	0.997	0.001	0.001
0.273	0.682	0.001	0.044
0.001	0.665	0.001	0.333
0.001	0.997	0.001	0.001
0.008	0.049	0.001	0.942
0.472	0.038	0.409	0.081
0.001	0.183	0.815	0.001
0.129	0.095	0.005	0.771
0.001	0.001	0.997	0.001
0.027	0.026	0.775	0.172
>TTTCACTTCCKC	5-TTTCACTTCCKC	9.160284	-2779.601561	0	T:2836.0(6.96%),B:466.3(1.17%),P:1e-1207	Tpos:100.9,Tstd:52.1,Bpos:93.9,Bstd:59.1,StrandBias:-0.1,Multiplicity:1.02
0.021	0.086	0.027	0.866
0.011	0.154	0.071	0.764
0.007	0.043	0.022	0.928
0.010	0.952	0.014	0.024
0.925	0.032	0.009	0.034
0.019	0.758	0.117	0.106
0.052	0.005	0.001	0.942
0.005	0.011	0.016	0.968
0.006	0.963	0.005	0.026
0.033	0.753	0.005	0.209
0.038	0.226	0.398	0.339
0.015	0.781	0.048	0.156
>WGGCCCCGCCCC	6-WGGCCCCGCCCC	7.705488	-2015.250574	0	T:8878.0(21.79%),B:4340.5(10.87%),P:1e-875	Tpos:99.7,Tstd:54.3,Bpos:91.3,Bstd:56.7,StrandBias:0.0,Multiplicity:1.48
0.381	0.160	0.174	0.284
0.320	0.101	0.505	0.074
0.179	0.001	0.787	0.033
0.059	0.742	0.053	0.146
0.026	0.736	0.003	0.235
0.284	0.697	0.008	0.011
0.001	0.990	0.001	0.008
0.269	0.001	0.594	0.136
0.001	0.997	0.001	0.001
0.001	0.997	0.001	0.001
0.001	0.780	0.001	0.218
0.263	0.469	0.010	0.259
>CCCYCTGGTGGC	7-CCCYCTGGTGGC	8.932889	-1621.188349	0	T:2866.0(7.03%),B:795.0(1.99%),P:1e-704	Tpos:99.7,Tstd:54.6,Bpos:98.0,Bstd:56.3,StrandBias:0.1,Multiplicity:1.02
0.023	0.836	0.121	0.020
0.018	0.898	0.001	0.083
0.230	0.703	0.034	0.033
0.020	0.396	0.055	0.529
0.001	0.969	0.014	0.016
0.060	0.236	0.054	0.650
0.294	0.040	0.482	0.183
0.021	0.340	0.604	0.035
0.140	0.104	0.121	0.635
0.002	0.002	0.987	0.009
0.131	0.068	0.782	0.019
0.045	0.870	0.018	0.067
>GTTTCACTTTCA	8-GTTTCACTTTCA	9.212860	-1296.536893	0	T:2176.0(5.34%),B:576.2(1.44%),P:1e-563	Tpos:100.3,Tstd:52.9,Bpos:103.5,Bstd:62.4,StrandBias:-0.1,Multiplicity:1.04
0.070	0.242	0.614	0.074
0.010	0.050	0.011	0.929
0.021	0.031	0.012	0.936
0.012	0.017	0.029	0.942
0.014	0.873	0.019	0.094
0.787	0.115	0.030	0.068
0.112	0.533	0.126	0.229
0.043	0.007	0.015	0.935
0.030	0.058	0.035	0.877
0.017	0.033	0.017	0.933
0.022	0.884	0.036	0.058
0.759	0.060	0.018	0.163
>TGGTTTCAGTTT	9-TGGTTTCAGTTT	10.318759	-1193.753409	0	T:1254.0(3.08%),B:210.6(0.53%),P:1e-518	Tpos:95.9,Tstd:50.5,Bpos:100.0,Bstd:58.4,StrandBias:0.2,Multiplicity:1.33
0.214	0.089	0.185	0.512
0.210	0.056	0.597	0.137
0.008	0.311	0.652	0.029
0.003	0.005	0.001	0.991
0.001	0.001	0.001	0.997
0.007	0.001	0.001	0.991
0.001	0.768	0.021	0.210
0.503	0.033	0.284	0.180
0.040	0.178	0.550	0.232
0.018	0.001	0.089	0.892
0.038	0.120	0.010	0.832
0.063	0.295	0.048	0.594
>GGGAATTCCCCW	10-GGGAATTCCCCW	9.004229	-914.006080	0	T:1337.0(3.28%),B:313.4(0.78%),P:1e-396	Tpos:101.3,Tstd:50.0,Bpos:100.0,Bstd:56.4,StrandBias:-0.0,Multiplicity:1.03
0.036	0.001	0.915	0.048
0.008	0.001	0.980	0.011
0.052	0.001	0.932	0.015
0.546	0.026	0.394	0.034
0.541	0.302	0.044	0.113
0.325	0.068	0.116	0.490
0.064	0.071	0.181	0.684
0.014	0.736	0.005	0.245
0.017	0.980	0.001	0.002
0.010	0.976	0.001	0.013
0.141	0.785	0.001	0.073
0.401	0.154	0.082	0.364
>CTCATTTGCTTA	11-CTCATTTGCTTA	7.740592	-893.827738	0	T:2706.0(6.64%),B:1061.2(2.66%),P:1e-388	Tpos:98.8,Tstd:53.9,Bpos:101.7,Bstd:58.9,StrandBias:0.1,Multiplicity:1.03
0.063	0.700	0.134	0.103
0.057	0.031	0.048	0.864
0.257	0.520	0.205	0.018
0.668	0.058	0.230	0.044
0.048	0.021	0.099	0.832
0.005	0.059	0.085	0.851
0.021	0.007	0.021	0.951
0.025	0.170	0.767	0.038
0.083	0.516	0.221	0.180
0.218	0.292	0.028	0.462
0.069	0.027	0.029	0.875
0.506	0.158	0.281	0.055
>YRGCCAATCRGV	12-YRGCCAATCRGV	8.037069	-847.699454	0	T:2866.0(7.03%),B:1191.4(2.98%),P:1e-368	Tpos:100.1,Tstd:50.8,Bpos:86.4,Bstd:59.6,StrandBias:-0.1,Multiplicity:1.20
0.101	0.404	0.226	0.268
0.427	0.142	0.394	0.037
0.288	0.102	0.490	0.120
0.001	0.997	0.001	0.001
0.001	0.997	0.001	0.001
0.997	0.001	0.001	0.001
0.997	0.001	0.001	0.001
0.001	0.124	0.001	0.874
0.137	0.523	0.283	0.057
0.499	0.127	0.372	0.001
0.165	0.257	0.490	0.088
0.387	0.260	0.259	0.095
>RAAARCAGAAGY	13-RAAARCAGAAGY	9.859494	-625.852989	0	T:1203.0(2.95%),B:351.5(0.88%),P:1e-271	Tpos:100.2,Tstd:50.5,Bpos:100.3,Bstd:67.7,StrandBias:0.0,Multiplicity:1.05
0.398	0.086	0.435	0.081
0.722	0.010	0.263	0.005
0.956	0.001	0.013	0.030
0.804	0.001	0.069	0.126
0.357	0.155	0.463	0.025
0.075	0.687	0.234	0.004
0.845	0.001	0.001	0.153
0.272	0.086	0.641	0.001
0.914	0.084	0.001	0.001
0.813	0.001	0.078	0.108
0.169	0.280	0.509	0.042
0.026	0.371	0.090	0.513
>NRGTSACGTSAC	14-NRGTSACGTSAC	7.560386	-420.279269	0	T:2370.0(5.82%),B:1221.5(3.06%),P:1e-182	Tpos:101.5,Tstd:52.3,Bpos:96.2,Bstd:58.6,StrandBias:-0.0,Multiplicity:1.05
0.223	0.294	0.262	0.221
0.261	0.138	0.401	0.200
0.226	0.168	0.605	0.001
0.001	0.088	0.001	0.910
0.001	0.485	0.513	0.001
0.997	0.001	0.001	0.001
0.001	0.604	0.125	0.270
0.265	0.057	0.677	0.001
0.001	0.001	0.001	0.997
0.001	0.505	0.493	0.001
0.874	0.001	0.121	0.004
0.001	0.546	0.196	0.257
>GCGCATGCGCRS	15-GCGCATGCGCRS	9.832554	-321.951187	0	T:1242.0(3.05%),B:545.8(1.37%),P:1e-139	Tpos:98.5,Tstd:52.1,Bpos:90.0,Bstd:63.1,StrandBias:-0.0,Multiplicity:1.16
0.189	0.002	0.806	0.003
0.102	0.866	0.029	0.003
0.038	0.004	0.954	0.004
0.020	0.925	0.036	0.019
0.710	0.209	0.016	0.065
0.064	0.047	0.220	0.669
0.023	0.030	0.942	0.005
0.040	0.899	0.004	0.057
0.005	0.028	0.842	0.125
0.003	0.778	0.020	0.199
0.439	0.173	0.304	0.084
0.152	0.298	0.389	0.161
>GGGARTTGTAGT	16-GGGARTTGTAGT	11.067342	-296.649202	0	T:442.0(1.08%),B:105.7(0.26%),P:1e-128	Tpos:98.3,Tstd:54.4,Bpos:81.4,Bstd:61.9,StrandBias:-0.1,Multiplicity:1.11
0.071	0.008	0.911	0.010
0.034	0.010	0.948	0.008
0.030	0.026	0.908	0.036
0.834	0.043	0.028	0.095
0.352	0.200	0.267	0.182
0.206	0.164	0.083	0.547
0.026	0.023	0.060	0.891
0.014	0.026	0.930	0.030
0.018	0.040	0.006	0.936
0.873	0.010	0.086	0.031
0.012	0.014	0.959	0.015
0.008	0.014	0.064	0.914
>CTAAAAGCTCTA	17-CTAAAAGCTCTA	12.580519	-290.182329	0	T:183.0(0.45%),B:15.8(0.04%),P:1e-126	Tpos:101.4,Tstd:44.0,Bpos:105.6,Bstd:53.2,StrandBias:-0.1,Multiplicity:1.01
0.001	0.997	0.001	0.001
0.001	0.001	0.083	0.915
0.893	0.001	0.001	0.105
0.997	0.001	0.001	0.001
0.831	0.084	0.084	0.001
0.560	0.001	0.355	0.084
0.001	0.001	0.664	0.334
0.083	0.915	0.001	0.001
0.001	0.001	0.083	0.915
0.001	0.997	0.001	0.001
0.001	0.001	0.001	0.997
0.915	0.001	0.083	0.001
>AGGTGGCGCTST	18-AGGTGGCGCTST	12.744251	-280.037831	0	T:160.0(0.39%),B:11.8(0.03%),P:1e-121	Tpos:98.4,Tstd:51.0,Bpos:120.7,Bstd:62.5,StrandBias:0.5,Multiplicity:1.00
0.887	0.001	0.111	0.001
0.001	0.001	0.997	0.001
0.220	0.001	0.778	0.001
0.001	0.001	0.001	0.997
0.001	0.001	0.997	0.001
0.001	0.001	0.997	0.001
0.001	0.997	0.001	0.001
0.218	0.001	0.780	0.001
0.001	0.997	0.001	0.001
0.001	0.244	0.001	0.754
0.091	0.396	0.506	0.007
0.152	0.001	0.038	0.809
>CTTGACAACACA	19-CTTGACAACACA	10.312549	-269.785574	0	T:199.0(0.49%),B:21.2(0.05%),P:1e-117	Tpos:103.5,Tstd:50.5,Bpos:112.0,Bstd:81.9,StrandBias:-0.1,Multiplicity:1.01
0.001	0.997	0.001	0.001
0.001	0.001	0.001	0.997
0.001	0.001	0.001	0.997
0.021	0.005	0.972	0.002
0.994	0.001	0.004	0.001
0.001	0.989	0.009	0.001
0.997	0.001	0.001	0.001
0.959	0.005	0.035	0.001
0.001	0.997	0.001	0.001
0.991	0.005	0.002	0.002
0.001	0.997	0.001	0.001
0.997	0.001	0.001	0.001
>CCTCTTGGGTGA	20-CCTCTTGGGTGA	9.625988	-236.858323	0	T:241.0(0.59%),B:39.4(0.10%),P:1e-102	Tpos:98.9,Tstd:45.5,Bpos:83.8,Bstd:55.0,StrandBias:0.2,Multiplicity:1.54
0.261	0.466	0.019	0.254
0.087	0.761	0.120	0.032
0.288	0.113	0.068	0.531
0.038	0.636	0.036	0.290
0.052	0.036	0.155	0.757
0.103	0.086	0.263	0.548
0.096	0.119	0.752	0.033
0.133	0.134	0.534	0.199
0.018	0.127	0.567	0.288
0.121	0.108	0.234	0.537
0.032	0.149	0.711	0.108
0.778	0.057	0.046	0.119
>AACTATTCAAAG	21-AACTATTCAAAG	12.450290	-232.100483	0	T:159.0(0.39%),B:15.6(0.04%),P:1e-100	Tpos:93.1,Tstd:61.9,Bpos:80.7,Bstd:68.0,StrandBias:-0.4,Multiplicity:1.00
0.901	0.001	0.001	0.097
0.822	0.098	0.079	0.001
0.001	0.920	0.078	0.001
0.097	0.001	0.001	0.901
0.997	0.001	0.001	0.001
0.001	0.042	0.001	0.956
0.001	0.097	0.001	0.901
0.001	0.901	0.097	0.001
0.997	0.001	0.001	0.001
0.901	0.001	0.001	0.097
0.901	0.097	0.001	0.001
0.001	0.097	0.901	0.001
>AGASAGCACACA	22-AGASAGCACACA	13.081766	-214.337347	0	T:190.0(0.47%),B:26.8(0.07%),P:1e-93	Tpos:106.5,Tstd:59.4,Bpos:107.3,Bstd:71.0,StrandBias:-0.1,Multiplicity:1.00
0.928	0.042	0.015	0.015
0.001	0.001	0.997	0.001
0.844	0.029	0.001	0.126
0.001	0.438	0.560	0.001
0.984	0.001	0.001	0.014
0.001	0.001	0.997	0.001
0.001	0.984	0.001	0.014
0.997	0.001	0.001	0.001
0.001	0.997	0.001	0.001
0.904	0.001	0.094	0.001
0.001	0.906	0.001	0.092
0.820	0.001	0.001	0.178
>TMTCGCGAKAKC	23-TMTCGCGAKAKC	9.021841	-159.524396	0	T:247.0(0.61%),B:61.0(0.15%),P:1e-69	Tpos:98.5,Tstd:51.1,Bpos:95.2,Bstd:53.6,StrandBias:-0.0,Multiplicity:1.10
0.018	0.108	0.035	0.839
0.538	0.460	0.001	0.001
0.035	0.056	0.053	0.856
0.001	0.981	0.017	0.001
0.053	0.053	0.893	0.001
0.018	0.860	0.069	0.053
0.001	0.035	0.929	0.035
0.926	0.002	0.037	0.035
0.001	0.001	0.554	0.444
0.841	0.053	0.071	0.035
0.058	0.229	0.409	0.304
0.102	0.518	0.020	0.360
>AACTCAGGGGCG	24-AACTCAGGGGCG	11.621301	-111.647102	0	T:173.0(0.42%),B:43.7(0.11%),P:1e-48	Tpos:96.5,Tstd:43.9,Bpos:84.0,Bstd:58.6,StrandBias:-0.2,Multiplicity:1.00
0.854	0.077	0.046	0.023
0.798	0.092	0.097	0.013
0.017	0.814	0.060	0.109
0.078	0.080	0.032	0.810
0.020	0.926	0.017	0.037
0.930	0.017	0.013	0.040
0.060	0.030	0.893	0.017
0.056	0.033	0.816	0.095
0.013	0.020	0.928	0.039
0.056	0.020	0.889	0.035
0.109	0.627	0.094	0.170
0.066	0.075	0.723	0.136
>CGAATGTTGATT	25-CGAATGTTGATT	10.409522	-89.829580	0	T:42.0(0.10%),B:2.9(0.01%),P:1e-39	Tpos:103.5,Tstd:49.0,Bpos:150.8,Bstd:20.0,StrandBias:-0.1,Multiplicity:1.00
0.100	0.700	0.100	0.100
0.100	0.100	0.700	0.100
0.700	0.100	0.100	0.100
0.700	0.100	0.100	0.100
0.100	0.100	0.100	0.700
0.100	0.100	0.700	0.100
0.100	0.100	0.100	0.700
0.100	0.100	0.100	0.700
0.100	0.100	0.700	0.100
0.700	0.100	0.100	0.100
0.100	0.100	0.100	0.700
0.100	0.100	0.100	0.700
>GAGGAAGT	1-GAGGAAGT	7.804499	-3733.173579	0	T:6971.0(17.11%),B:2093.1(5.24%),P:1e-1621	Tpos:100.4,Tstd:51.6,Bpos:100.8,Bstd:60.3,StrandBias:-0.0,Multiplicity:1.10
0.001	0.186	0.812	0.001
0.822	0.051	0.126	0.001
0.001	0.001	0.997	0.001
0.001	0.001	0.997	0.001
0.997	0.001	0.001	0.001
0.997	0.001	0.001	0.001
0.001	0.081	0.917	0.001
0.001	0.001	0.001	0.997
>ATTTCCKS	2-ATTTCCKS	6.734448	-3729.177213	0	T:15015.0(36.85%),B:7436.7(18.62%),P:1e-1619	Tpos:99.7,Tstd:53.8,Bpos:99.1,Bstd:59.4,StrandBias:-0.0,Multiplicity:1.16
0.616	0.001	0.365	0.018
0.001	0.342	0.001	0.656
0.001	0.001	0.001	0.997
0.001	0.001	0.001	0.997
0.007	0.935	0.041	0.017
0.001	0.997	0.001	0.001
0.040	0.122	0.416	0.422
0.047	0.383	0.413	0.158
>AAGTGAAA	3-AAGTGAAA	4.361194	-3213.566668	0	T:12577.0(30.86%),B:6028.8(15.09%),P:1e-1395	Tpos:99.9,Tstd:53.8,Bpos:101.2,Bstd:62.1,StrandBias:-0.0,Multiplicity:1.24
0.997	0.001	0.001	0.001
0.997	0.001	0.001	0.001
0.001	0.098	0.900	0.001
0.303	0.036	0.085	0.576
0.001	0.001	0.997	0.001
0.654	0.001	0.344	0.001
0.997	0.001	0.001	0.001
0.997	0.001	0.001	0.001
>ATTTGCAT	4-ATTTGCAT	8.949059	-2626.034212	0	T:2982.0(7.32%),B:553.9(1.39%),P:1e-1140	Tpos:101.1,Tstd:51.1,Bpos:97.7,Bstd:56.9,StrandBias:-0.1,Multiplicity:1.09
0.997	0.001	0.001	0.001
0.001	0.001	0.001	0.997
0.001	0.001	0.001	0.997
0.001	0.001	0.001	0.997
0.001	0.001	0.997	0.001
0.120	0.878	0.001	0.001
0.997	0.001	0.001	0.001
0.001	0.001	0.001	0.997
>TATGCAAA	5-TATGCAAA	8.694028	-2504.006162	0	T:3957.0(9.71%),B:1013.9(2.54%),P:1e-1087	Tpos:98.0,Tstd:52.1,Bpos:98.7,Bstd:59.7,StrandBias:-0.0,Multiplicity:1.06
0.001	0.137	0.001	0.861
0.997	0.001	0.001	0.001
0.001	0.001	0.001	0.997
0.001	0.001	0.872	0.126
0.001	0.852	0.001	0.146
0.997	0.001	0.001	0.001
0.997	0.001	0.001	0.001
0.997	0.001	0.001	0.001
>TTCCGBTT	6-TTCCGBTT	5.583120	-1628.305792	0	T:9309.0(22.84%),B:5028.6(12.59%),P:1e-707	Tpos:99.8,Tstd:54.7,Bpos:100.6,Bstd:63.5,StrandBias:0.0,Multiplicity:1.09
0.054	0.001	0.001	0.944
0.057	0.049	0.012	0.882
0.015	0.549	0.190	0.246
0.098	0.486	0.142	0.274
0.101	0.001	0.711	0.187
0.072	0.240	0.347	0.342
0.158	0.227	0.031	0.584
0.199	0.174	0.137	0.489
>TBTCACTW	7-TBTCACTW	4.888959	-1341.054685	0	T:11358.0(27.87%),B:6991.4(17.50%),P:1e-582	Tpos:99.2,Tstd:55.7,Bpos:101.9,Bstd:62.4,StrandBias:-0.0,Multiplicity:1.14
0.042	0.284	0.147	0.527
0.138	0.290	0.228	0.345
0.239	0.001	0.003	0.757
0.001	0.643	0.355	0.001
0.621	0.016	0.362	0.001
0.070	0.445	0.256	0.229
0.248	0.001	0.175	0.576
0.310	0.127	0.170	0.393
>CATCCTGT	8-CATCCTGT	7.125557	-1145.966883	0	T:3393.0(8.33%),B:1321.8(3.31%),P:1e-497	Tpos:100.0,Tstd:56.0,Bpos:103.3,Bstd:59.2,StrandBias:0.1,Multiplicity:1.01
0.001	0.997	0.001	0.001
0.587	0.001	0.001	0.411
0.001	0.001	0.001	0.997
0.001	0.997	0.001	0.001
0.001	0.997	0.001	0.001
0.001	0.001	0.047	0.951
0.001	0.001	0.997	0.001
0.001	0.001	0.001	0.997
>GCCCCGCC	9-GCCCCGCC	6.210216	-1024.063731	0	T:9674.0(23.74%),B:6064.2(15.18%),P:1e-444	Tpos:99.5,Tstd:55.4,Bpos:93.5,Bstd:61.2,StrandBias:-0.0,Multiplicity:1.56
0.042	0.001	0.956	0.001
0.001	0.904	0.001	0.094
0.024	0.818	0.001	0.157
0.191	0.807	0.001	0.001
0.001	0.997	0.001	0.001
0.070	0.001	0.882	0.047
0.001	0.997	0.001	0.001
0.001	0.997	0.001	0.001
>CAGGGGGC	10-CAGGGGGC	5.419891	-948.715130	0	T:5340.0(13.10%),B:2797.0(7.00%),P:1e-412	Tpos:100.5,Tstd:55.4,Bpos:97.2,Bstd:59.2,StrandBias:-0.0,Multiplicity:1.06
0.001	0.956	0.001	0.042
0.997	0.001	0.001	0.001
0.001	0.001	0.997	0.001
0.274	0.001	0.724	0.001
0.001	0.001	0.694	0.304
0.001	0.001	0.997	0.001
0.001	0.001	0.997	0.001
0.001	0.997	0.001	0.001
>AATGGAAA	11-AATGGAAA	7.239771	-773.425051	0	T:3776.0(9.27%),B:1857.5(4.65%),P:1e-335	Tpos:101.3,Tstd:52.8,Bpos:101.3,Bstd:60.0,StrandBias:0.1,Multiplicity:1.06
0.706	0.118	0.001	0.175
0.853	0.001	0.145	0.001
0.001	0.001	0.001	0.997
0.001	0.042	0.956	0.001
0.001	0.147	0.851	0.001
0.997	0.001	0.001	0.001
0.997	0.001	0.001	0.001
0.997	0.001	0.001	0.001
>CVMATSMG	12-CVMATSMG	6.277448	-657.986514	0	T:7653.0(18.78%),B:4987.6(12.49%),P:1e-285	Tpos:99.7,Tstd:54.5,Bpos:99.1,Bstd:61.2,StrandBias:-0.1,Multiplicity:1.13
0.001	0.997	0.001	0.001
0.281	0.315	0.403	0.001
0.448	0.485	0.009	0.058
0.676	0.219	0.001	0.104
0.001	0.001	0.001	0.997
0.046	0.377	0.377	0.200
0.490	0.508	0.001	0.001
0.001	0.001	0.997	0.001
>GCCAATCG	13-GCCAATCG	7.667631	-647.041129	0	T:2840.0(6.97%),B:1330.6(3.33%),P:1e-281	Tpos:99.7,Tstd:52.6,Bpos:89.4,Bstd:61.3,StrandBias:-0.1,Multiplicity:1.17
0.119	0.012	0.868	0.001
0.001	0.995	0.001	0.003
0.010	0.988	0.001	0.001
0.991	0.001	0.001	0.007
0.997	0.001	0.001	0.001
0.005	0.001	0.001	0.993
0.070	0.748	0.157	0.025
0.380	0.046	0.573	0.001
>ADGGGCGG	14-ADGGGCGG	7.895342	-622.832013	0	T:3388.0(8.31%),B:1732.2(4.34%),P:1e-270	Tpos:97.7,Tstd:56.3,Bpos:95.1,Bstd:60.8,StrandBias:0.1,Multiplicity:1.06
0.588	0.040	0.253	0.119
0.295	0.001	0.299	0.405
0.231	0.001	0.608	0.160
0.001	0.001	0.997	0.001
0.162	0.001	0.808	0.029
0.001	0.997	0.001	0.001
0.001	0.001	0.997	0.001
0.001	0.001	0.930	0.068
>TGACGTCA	15-TGACGTCA	6.132908	-474.369916	0	T:4170.0(10.23%),B:2493.3(6.24%),P:1e-206	Tpos:102.0,Tstd:53.8,Bpos:97.0,Bstd:60.6,StrandBias:-0.0,Multiplicity:1.06
0.014	0.049	0.032	0.905
0.027	0.212	0.615	0.146
0.804	0.001	0.156	0.039
0.039	0.873	0.061	0.027
0.178	0.131	0.690	0.001
0.254	0.084	0.038	0.624
0.144	0.621	0.186	0.049
0.871	0.059	0.016	0.054
>GTAGTTTC	16-GTAGTTTC	6.830801	-460.254565	0	T:4132.0(10.14%),B:2484.7(6.22%),P:1e-199	Tpos:102.1,Tstd:56.5,Bpos:99.2,Bstd:63.6,StrandBias:0.1,Multiplicity:1.03
0.026	0.274	0.614	0.086
0.001	0.043	0.053	0.903
0.896	0.001	0.077	0.026
0.012	0.001	0.960	0.027
0.020	0.019	0.001	0.960
0.001	0.045	0.001	0.953
0.037	0.074	0.014	0.875
0.012	0.965	0.022	0.001
>TGTGGTTT	17-TGTGGTTT	8.167030	-416.569775	0	T:2631.0(6.46%),B:1412.2(3.54%),P:1e-180	Tpos:100.3,Tstd:54.5,Bpos:103.8,Bstd:60.6,StrandBias:0.1,Multiplicity:1.04
0.097	0.080	0.001	0.822
0.001	0.001	0.997	0.001
0.001	0.001	0.119	0.879
0.001	0.001	0.997	0.001
0.001	0.001	0.997	0.001
0.001	0.001	0.001	0.997
0.001	0.001	0.001	0.997
0.222	0.001	0.001	0.776
>WCTAGRGG	18-WCTAGRGG	7.066962	-390.099967	0	T:3730.0(9.15%),B:2276.9(5.70%),P:1e-169	Tpos:101.6,Tstd:54.7,Bpos:100.7,Bstd:60.8,StrandBias:-0.0,Multiplicity:1.05
0.447	0.213	0.001	0.340
0.001	0.922	0.001	0.076
0.001	0.001	0.001	0.997
0.997	0.001	0.001	0.001
0.001	0.001	0.885	0.113
0.401	0.152	0.253	0.194
0.001	0.076	0.922	0.001
0.053	0.207	0.739	0.001
>GTCACGTG	19-GTCACGTG	7.425959	-356.147694	0	T:2299.0(5.64%),B:1241.8(3.11%),P:1e-154	Tpos:100.1,Tstd:55.4,Bpos:102.0,Bstd:62.0,StrandBias:-0.1,Multiplicity:1.05
0.050	0.001	0.948	0.001
0.001	0.119	0.001	0.879
0.001	0.945	0.053	0.001
0.997	0.001	0.001	0.001
0.001	0.840	0.001	0.158
0.257	0.001	0.741	0.001
0.001	0.001	0.001	0.997
0.001	0.001	0.997	0.001
>TKACGCAH	20-TKACGCAH	4.371869	-287.124571	0	T:5702.0(13.99%),B:4091.9(10.24%),P:1e-124	Tpos:98.8,Tstd:55.0,Bpos:99.6,Bstd:63.4,StrandBias:0.0,Multiplicity:1.07
0.141	0.199	0.037	0.623
0.155	0.102	0.390	0.353
0.598	0.122	0.037	0.243
0.040	0.655	0.169	0.136
0.096	0.056	0.601	0.247
0.143	0.605	0.196	0.056
0.474	0.158	0.174	0.194
0.341	0.203	0.180	0.276
>WAACAGCT	21-WAACAGCT	5.868335	-270.414779	0	T:9551.0(23.44%),B:7524.5(18.84%),P:1e-117	Tpos:100.5,Tstd:55.7,Bpos:100.9,Bstd:62.1,StrandBias:-0.0,Multiplicity:1.12
0.397	0.140	0.103	0.359
0.604	0.175	0.043	0.178
0.828	0.001	0.170	0.001
0.001	0.821	0.001	0.177
0.704	0.205	0.090	0.001
0.001	0.048	0.950	0.001
0.203	0.782	0.001	0.014
0.001	0.070	0.275	0.654
>AGGGAAGT	22-AGGGAAGT	8.508377	-264.193919	0	T:2641.0(6.48%),B:1623.6(4.06%),P:1e-114	Tpos:100.3,Tstd:54.6,Bpos:102.7,Bstd:61.1,StrandBias:-0.1,Multiplicity:1.04
0.997	0.001	0.001	0.001
0.001	0.001	0.997	0.001
0.123	0.001	0.875	0.001
0.001	0.001	0.997	0.001
0.997	0.001	0.001	0.001
0.997	0.001	0.001	0.001
0.088	0.150	0.761	0.001
0.001	0.001	0.001	0.997
>GTTGTGGT	23-GTTGTGGT	8.300058	-213.534258	0	T:2921.0(7.17%),B:1934.1(4.84%),P:1e-92	Tpos:99.9,Tstd:54.7,Bpos:101.6,Bstd:61.1,StrandBias:-0.0,Multiplicity:1.15
0.001	0.324	0.513	0.162
0.104	0.227	0.001	0.668
0.001	0.001	0.001	0.997
0.001	0.001	0.576	0.422
0.001	0.001	0.001	0.997
0.001	0.001	0.997	0.001
0.001	0.001	0.997	0.001
0.001	0.001	0.001	0.997
>TCTCGCGA	24-TCTCGCGA	8.208500	-115.726709	0	T:296.0(0.73%),B:105.7(0.26%),P:1e-50	Tpos:96.2,Tstd:52.9,Bpos:100.5,Bstd:55.2,StrandBias:-0.0,Multiplicity:1.09
0.001	0.001	0.001	0.997
0.183	0.815	0.001	0.001
0.001	0.001	0.001	0.997
0.070	0.928	0.001	0.001
0.001	0.001	0.997	0.001
0.001	0.997	0.001	0.001
0.001	0.001	0.997	0.001
0.997	0.001	0.001	0.001
>AWTYAMCC	25-AWTYAMCC	7.045897	-57.436603	0	T:707.0(1.73%),B:457.8(1.15%),P:1e-24	Tpos:99.8,Tstd:53.7,Bpos:95.4,Bstd:62.8,StrandBias:-0.2,Multiplicity:1.28
0.915	0.001	0.029	0.055
0.506	0.001	0.001	0.492
0.111	0.118	0.097	0.674
0.048	0.459	0.130	0.363
0.453	0.277	0.209	0.061
0.497	0.501	0.001	0.001
0.155	0.663	0.155	0.027
0.001	0.836	0.162	0.001
