>AAAGAGGAAGTR	1-AAAGAGGAAGTR	8.077125	-5703.702970	0	T:9085.0(22.29%),B:2465.8(6.17%),P:1e-2477	Tpos:100.0,Tstd:50.8,Bpos:103.3,Bstd:61.4,StrandBias:-0.0,Multiplicity:1.18
0.533	0.057	0.312	0.098
0.755	0.055	0.128	0.062
0.772	0.006	0.136	0.086
0.182	0.271	0.539	0.008
0.475	0.118	0.126	0.281
0.100	0.001	0.898	0.001
0.361	0.001	0.637	0.001
0.997	0.001	0.001	0.001
0.991	0.001	0.001	0.007
0.104	0.284	0.611	0.001
0.105	0.222	0.041	0.632
0.315	0.101	0.406	0.179
>NNRCAGGAAGTR	2-NNRCAGGAAGTR	7.454539	-3859.229963	0	T:11192.0(27.47%),B:4599.9(11.52%),P:1e-1676	Tpos:99.9,Tstd:52.5,Bpos:98.9,Bstd:57.6,StrandBias:-0.1,Multiplicity:1.11
0.313	0.231	0.209	0.248
0.342	0.203	0.210	0.245
0.416	0.128	0.283	0.173
0.137	0.543	0.298	0.022
0.852	0.129	0.014	0.005
0.012	0.001	0.986	0.001
0.051	0.015	0.930	0.004
0.937	0.039	0.023	0.001
0.918	0.001	0.022	0.059
0.215	0.060	0.723	0.002
0.069	0.285	0.117	0.529
0.267	0.189	0.364	0.180
>DTATGCAAATNW	3-DTATGCAAATNW	8.629233	-3496.169119	0	T:3658.0(8.98%),B:624.5(1.56%),P:1e-1518	Tpos:99.9,Tstd:49.5,Bpos:96.7,Bstd:56.9,StrandBias:0.1,Multiplicity:1.09
0.317	0.165	0.214	0.305
0.137	0.302	0.082	0.478
0.941	0.001	0.003	0.055
0.051	0.001	0.042	0.906
0.020	0.002	0.805	0.173
0.028	0.782	0.050	0.140
0.978	0.001	0.001	0.020
0.994	0.001	0.001	0.004
0.996	0.001	0.001	0.002
0.124	0.065	0.144	0.667
0.229	0.262	0.299	0.209
0.406	0.184	0.102	0.308
>GCCCCCTRGTGG	4-GCCCCCTRGTGG	10.196621	-3183.111507	0	T:2430.0(5.96%),B:272.4(0.68%),P:1e-1382	Tpos:100.2,Tstd:52.4,Bpos:93.5,Bstd:58.1,StrandBias:0.0,Multiplicity:1.02
0.089	0.001	0.766	0.144
0.130	0.868	0.001	0.001
0.001	0.997	0.001	0.001
0.273	0.682	0.001	0.044
0.001	0.665	0.001	0.333
0.001	0.997	0.001	0.001
0.008	0.049	0.001	0.942
0.472	0.038	0.409	0.081
0.001	0.183	0.815	0.001
0.129	0.095	0.005	0.771
0.001	0.001	0.997	0.001
0.027	0.026	0.775	0.172
>TTTCACTTCCKC	5-TTTCACTTCCKC	9.160284	-2779.601561	0	T:2836.0(6.96%),B:466.3(1.17%),P:1e-1207	Tpos:100.9,Tstd:52.1,Bpos:93.9,Bstd:59.1,StrandBias:-0.1,Multiplicity:1.02
0.021	0.086	0.027	0.866
0.011	0.154	0.071	0.764
0.007	0.043	0.022	0.928
0.010	0.952	0.014	0.024
0.925	0.032	0.009	0.034
0.019	0.758	0.117	0.106
0.052	0.005	0.001	0.942
0.005	0.011	0.016	0.968
0.006	0.963	0.005	0.026
0.033	0.753	0.005	0.209
0.038	0.226	0.398	0.339
0.015	0.781	0.048	0.156
>WGGCCCCGCCCC	6-WGGCCCCGCCCC	7.705488	-2015.250574	0	T:8878.0(21.79%),B:4340.5(10.87%),P:1e-875	Tpos:99.7,Tstd:54.3,Bpos:91.3,Bstd:56.7,StrandBias:0.0,Multiplicity:1.48
0.381	0.160	0.174	0.284
0.320	0.101	0.505	0.074
0.179	0.001	0.787	0.033
0.059	0.742	0.053	0.146
0.026	0.736	0.003	0.235
0.284	0.697	0.008	0.011
0.001	0.990	0.001	0.008
0.269	0.001	0.594	0.136
0.001	0.997	0.001	0.001
0.001	0.997	0.001	0.001
0.001	0.780	0.001	0.218
0.263	0.469	0.010	0.259
>CCCYCTGGTGGC	7-CCCYCTGGTGGC	8.932889	-1621.188349	0	T:2866.0(7.03%),B:795.0(1.99%),P:1e-704	Tpos:99.7,Tstd:54.6,Bpos:98.0,Bstd:56.3,StrandBias:0.1,Multiplicity:1.02
0.023	0.836	0.121	0.020
0.018	0.898	0.001	0.083
0.230	0.703	0.034	0.033
0.020	0.396	0.055	0.529
0.001	0.969	0.014	0.016
0.060	0.236	0.054	0.650
0.294	0.040	0.482	0.183
0.021	0.340	0.604	0.035
0.140	0.104	0.121	0.635
0.002	0.002	0.987	0.009
0.131	0.068	0.782	0.019
0.045	0.870	0.018	0.067
>GTTTCACTTTCA	8-GTTTCACTTTCA	9.212860	-1296.536893	0	T:2176.0(5.34%),B:576.2(1.44%),P:1e-563	Tpos:100.3,Tstd:52.9,Bpos:103.5,Bstd:62.4,StrandBias:-0.1,Multiplicity:1.04
0.070	0.242	0.614	0.074
0.010	0.050	0.011	0.929
0.021	0.031	0.012	0.936
0.012	0.017	0.029	0.942
0.014	0.873	0.019	0.094
0.787	0.115	0.030	0.068
0.112	0.533	0.126	0.229
0.043	0.007	0.015	0.935
0.030	0.058	0.035	0.877
0.017	0.033	0.017	0.933
0.022	0.884	0.036	0.058
0.759	0.060	0.018	0.163
>TGGTTTCAGTTT	9-TGGTTTCAGTTT	10.318759	-1193.753409	0	T:1254.0(3.08%),B:210.6(0.53%),P:1e-518	Tpos:95.9,Tstd:50.5,Bpos:100.0,Bstd:58.4,StrandBias:0.2,Multiplicity:1.33
0.214	0.089	0.185	0.512
0.210	0.056	0.597	0.137
0.008	0.311	0.652	0.029
0.003	0.005	0.001	0.991
0.001	0.001	0.001	0.997
0.007	0.001	0.001	0.991
0.001	0.768	0.021	0.210
0.503	0.033	0.284	0.180
0.040	0.178	0.550	0.232
0.018	0.001	0.089	0.892
0.038	0.120	0.010	0.832
0.063	0.295	0.048	0.594
>GGGAATTCCCCW	10-GGGAATTCCCCW	9.004229	-914.006080	0	T:1337.0(3.28%),B:313.4(0.78%),P:1e-396	Tpos:101.3,Tstd:50.0,Bpos:100.0,Bstd:56.4,StrandBias:-0.0,Multiplicity:1.03
0.036	0.001	0.915	0.048
0.008	0.001	0.980	0.011
0.052	0.001	0.932	0.015
0.546	0.026	0.394	0.034
0.541	0.302	0.044	0.113
0.325	0.068	0.116	0.490
0.064	0.071	0.181	0.684
0.014	0.736	0.005	0.245
0.017	0.980	0.001	0.002
0.010	0.976	0.001	0.013
0.141	0.785	0.001	0.073
0.401	0.154	0.082	0.364
>CTCATTTGCTTA	11-CTCATTTGCTTA	7.740592	-893.827738	0	T:2706.0(6.64%),B:1061.2(2.66%),P:1e-388	Tpos:98.8,Tstd:53.9,Bpos:101.7,Bstd:58.9,StrandBias:0.1,Multiplicity:1.03
0.063	0.700	0.134	0.103
0.057	0.031	0.048	0.864
0.257	0.520	0.205	0.018
0.668	0.058	0.230	0.044
0.048	0.021	0.099	0.832
0.005	0.059	0.085	0.851
0.021	0.007	0.021	0.951
0.025	0.170	0.767	0.038
0.083	0.516	0.221	0.180
0.218	0.292	0.028	0.462
0.069	0.027	0.029	0.875
0.506	0.158	0.281	0.055
>YRGCCAATCRGV	12-YRGCCAATCRGV	8.037069	-847.699454	0	T:2866.0(7.03%),B:1191.4(2.98%),P:1e-368	Tpos:100.1,Tstd:50.8,Bpos:86.4,Bstd:59.6,StrandBias:-0.1,Multiplicity:1.20
0.101	0.404	0.226	0.268
0.427	0.142	0.394	0.037
0.288	0.102	0.490	0.120
0.001	0.997	0.001	0.001
0.001	0.997	0.001	0.001
0.997	0.001	0.001	0.001
0.997	0.001	0.001	0.001
0.001	0.124	0.001	0.874
0.137	0.523	0.283	0.057
0.499	0.127	0.372	0.001
0.165	0.257	0.490	0.088
0.387	0.260	0.259	0.095
>RAAARCAGAAGY	13-RAAARCAGAAGY	9.859494	-625.852989	0	T:1203.0(2.95%),B:351.5(0.88%),P:1e-271	Tpos:100.2,Tstd:50.5,Bpos:100.3,Bstd:67.7,StrandBias:0.0,Multiplicity:1.05
0.398	0.086	0.435	0.081
0.722	0.010	0.263	0.005
0.956	0.001	0.013	0.030
0.804	0.001	0.069	0.126
0.357	0.155	0.463	0.025
0.075	0.687	0.234	0.004
0.845	0.001	0.001	0.153
0.272	0.086	0.641	0.001
0.914	0.084	0.001	0.001
0.813	0.001	0.078	0.108
0.169	0.280	0.509	0.042
0.026	0.371	0.090	0.513
>NRGTSACGTSAC	14-NRGTSACGTSAC	7.560386	-420.279269	0	T:2370.0(5.82%),B:1221.5(3.06%),P:1e-182	Tpos:101.5,Tstd:52.3,Bpos:96.2,Bstd:58.6,StrandBias:-0.0,Multiplicity:1.05
0.223	0.294	0.262	0.221
0.261	0.138	0.401	0.200
0.226	0.168	0.605	0.001
0.001	0.088	0.001	0.910
0.001	0.485	0.513	0.001
0.997	0.001	0.001	0.001
0.001	0.604	0.125	0.270
0.265	0.057	0.677	0.001
0.001	0.001	0.001	0.997
0.001	0.505	0.493	0.001
0.874	0.001	0.121	0.004
0.001	0.546	0.196	0.257
>GCGCATGCGCRS	15-GCGCATGCGCRS	9.832554	-321.951187	0	T:1242.0(3.05%),B:545.8(1.37%),P:1e-139	Tpos:98.5,Tstd:52.1,Bpos:90.0,Bstd:63.1,StrandBias:-0.0,Multiplicity:1.16
0.189	0.002	0.806	0.003
0.102	0.866	0.029	0.003
0.038	0.004	0.954	0.004
0.020	0.925	0.036	0.019
0.710	0.209	0.016	0.065
0.064	0.047	0.220	0.669
0.023	0.030	0.942	0.005
0.040	0.899	0.004	0.057
0.005	0.028	0.842	0.125
0.003	0.778	0.020	0.199
0.439	0.173	0.304	0.084
0.152	0.298	0.389	0.161
>GGGARTTGTAGT	16-GGGARTTGTAGT	11.067342	-296.649202	0	T:442.0(1.08%),B:105.7(0.26%),P:1e-128	Tpos:98.3,Tstd:54.4,Bpos:81.4,Bstd:61.9,StrandBias:-0.1,Multiplicity:1.11
0.071	0.008	0.911	0.010
0.034	0.010	0.948	0.008
0.030	0.026	0.908	0.036
0.834	0.043	0.028	0.095
0.352	0.200	0.267	0.182
0.206	0.164	0.083	0.547
0.026	0.023	0.060	0.891
0.014	0.026	0.930	0.030
0.018	0.040	0.006	0.936
0.873	0.010	0.086	0.031
0.012	0.014	0.959	0.015
0.008	0.014	0.064	0.914
>CTAAAAGCTCTA	17-CTAAAAGCTCTA	12.580519	-290.182329	0	T:183.0(0.45%),B:15.8(0.04%),P:1e-126	Tpos:101.4,Tstd:44.0,Bpos:105.6,Bstd:53.2,StrandBias:-0.1,Multiplicity:1.01
0.001	0.997	0.001	0.001
0.001	0.001	0.083	0.915
0.893	0.001	0.001	0.105
0.997	0.001	0.001	0.001
0.831	0.084	0.084	0.001
0.560	0.001	0.355	0.084
0.001	0.001	0.664	0.334
0.083	0.915	0.001	0.001
0.001	0.001	0.083	0.915
0.001	0.997	0.001	0.001
0.001	0.001	0.001	0.997
0.915	0.001	0.083	0.001
>AGGTGGCGCTST	18-AGGTGGCGCTST	12.744251	-280.037831	0	T:160.0(0.39%),B:11.8(0.03%),P:1e-121	Tpos:98.4,Tstd:51.0,Bpos:120.7,Bstd:62.5,StrandBias:0.5,Multiplicity:1.00
0.887	0.001	0.111	0.001
0.001	0.001	0.997	0.001
0.220	0.001	0.778	0.001
0.001	0.001	0.001	0.997
0.001	0.001	0.997	0.001
0.001	0.001	0.997	0.001
0.001	0.997	0.001	0.001
0.218	0.001	0.780	0.001
0.001	0.997	0.001	0.001
0.001	0.244	0.001	0.754
0.091	0.396	0.506	0.007
0.152	0.001	0.038	0.809
>CTTGACAACACA	19-CTTGACAACACA	10.312549	-269.785574	0	T:199.0(0.49%),B:21.2(0.05%),P:1e-117	Tpos:103.5,Tstd:50.5,Bpos:112.0,Bstd:81.9,StrandBias:-0.1,Multiplicity:1.01
0.001	0.997	0.001	0.001
0.001	0.001	0.001	0.997
0.001	0.001	0.001	0.997
0.021	0.005	0.972	0.002
0.994	0.001	0.004	0.001
0.001	0.989	0.009	0.001
0.997	0.001	0.001	0.001
0.959	0.005	0.035	0.001
0.001	0.997	0.001	0.001
0.991	0.005	0.002	0.002
0.001	0.997	0.001	0.001
0.997	0.001	0.001	0.001
>CCTCTTGGGTGA	20-CCTCTTGGGTGA	9.625988	-236.858323	0	T:241.0(0.59%),B:39.4(0.10%),P:1e-102	Tpos:98.9,Tstd:45.5,Bpos:83.8,Bstd:55.0,StrandBias:0.2,Multiplicity:1.54
0.261	0.466	0.019	0.254
0.087	0.761	0.120	0.032
0.288	0.113	0.068	0.531
0.038	0.636	0.036	0.290
0.052	0.036	0.155	0.757
0.103	0.086	0.263	0.548
0.096	0.119	0.752	0.033
0.133	0.134	0.534	0.199
0.018	0.127	0.567	0.288
0.121	0.108	0.234	0.537
0.032	0.149	0.711	0.108
0.778	0.057	0.046	0.119
>AACTATTCAAAG	21-AACTATTCAAAG	12.450290	-232.100483	0	T:159.0(0.39%),B:15.6(0.04%),P:1e-100	Tpos:93.1,Tstd:61.9,Bpos:80.7,Bstd:68.0,StrandBias:-0.4,Multiplicity:1.00
0.901	0.001	0.001	0.097
0.822	0.098	0.079	0.001
0.001	0.920	0.078	0.001
0.097	0.001	0.001	0.901
0.997	0.001	0.001	0.001
0.001	0.042	0.001	0.956
0.001	0.097	0.001	0.901
0.001	0.901	0.097	0.001
0.997	0.001	0.001	0.001
0.901	0.001	0.001	0.097
0.901	0.097	0.001	0.001
0.001	0.097	0.901	0.001
>AGASAGCACACA	22-AGASAGCACACA	13.081766	-214.337347	0	T:190.0(0.47%),B:26.8(0.07%),P:1e-93	Tpos:106.5,Tstd:59.4,Bpos:107.3,Bstd:71.0,StrandBias:-0.1,Multiplicity:1.00
0.928	0.042	0.015	0.015
0.001	0.001	0.997	0.001
0.844	0.029	0.001	0.126
0.001	0.438	0.560	0.001
0.984	0.001	0.001	0.014
0.001	0.001	0.997	0.001
0.001	0.984	0.001	0.014
0.997	0.001	0.001	0.001
0.001	0.997	0.001	0.001
0.904	0.001	0.094	0.001
0.001	0.906	0.001	0.092
0.820	0.001	0.001	0.178
>TMTCGCGAKAKC	23-TMTCGCGAKAKC	9.021841	-159.524396	0	T:247.0(0.61%),B:61.0(0.15%),P:1e-69	Tpos:98.5,Tstd:51.1,Bpos:95.2,Bstd:53.6,StrandBias:-0.0,Multiplicity:1.10
0.018	0.108	0.035	0.839
0.538	0.460	0.001	0.001
0.035	0.056	0.053	0.856
0.001	0.981	0.017	0.001
0.053	0.053	0.893	0.001
0.018	0.860	0.069	0.053
0.001	0.035	0.929	0.035
0.926	0.002	0.037	0.035
0.001	0.001	0.554	0.444
0.841	0.053	0.071	0.035
0.058	0.229	0.409	0.304
0.102	0.518	0.020	0.360
>AACTCAGGGGCG	24-AACTCAGGGGCG	11.621301	-111.647102	0	T:173.0(0.42%),B:43.7(0.11%),P:1e-48	Tpos:96.5,Tstd:43.9,Bpos:84.0,Bstd:58.6,StrandBias:-0.2,Multiplicity:1.00
0.854	0.077	0.046	0.023
0.798	0.092	0.097	0.013
0.017	0.814	0.060	0.109
0.078	0.080	0.032	0.810
0.020	0.926	0.017	0.037
0.930	0.017	0.013	0.040
0.060	0.030	0.893	0.017
0.056	0.033	0.816	0.095
0.013	0.020	0.928	0.039
0.056	0.020	0.889	0.035
0.109	0.627	0.094	0.170
0.066	0.075	0.723	0.136
>CGAATGTTGATT	25-CGAATGTTGATT	10.409522	-89.829580	0	T:42.0(0.10%),B:2.9(0.01%),P:1e-39	Tpos:103.5,Tstd:49.0,Bpos:150.8,Bstd:20.0,StrandBias:-0.1,Multiplicity:1.00
0.100	0.700	0.100	0.100
0.100	0.100	0.700	0.100
0.700	0.100	0.100	0.100
0.700	0.100	0.100	0.100
0.100	0.100	0.100	0.700
0.100	0.100	0.700	0.100
0.100	0.100	0.100	0.700
0.100	0.100	0.100	0.700
0.100	0.100	0.700	0.100
0.700	0.100	0.100	0.100
0.100	0.100	0.100	0.700
0.100	0.100	0.100	0.700
