>ACTTYCRSTT	1-ACTTYCRSTT	6.575507	-5467.299309	0	T:10279.0(25.22%),B:3206.9(8.03%),P:1e-2374	Tpos:100.5,Tstd:51.4,Bpos:99.7,Bstd:61.5,StrandBias:0.0,Multiplicity:1.17
0.536	0.054	0.321	0.089
0.001	0.486	0.322	0.191
0.053	0.001	0.019	0.927
0.003	0.016	0.098	0.883
0.011	0.550	0.013	0.426
0.010	0.802	0.016	0.172
0.281	0.187	0.376	0.156
0.115	0.412	0.299	0.174
0.196	0.211	0.079	0.514
0.090	0.145	0.107	0.658
>GTTYCGSTTT	2-GTTYCGSTTT	7.007279	-4552.412762	0	T:9512.0(23.34%),B:3167.9(7.93%),P:1e-1977	Tpos:99.0,Tstd:54.1,Bpos:100.7,Bstd:60.5,StrandBias:-0.0,Multiplicity:1.10
0.041	0.372	0.566	0.021
0.042	0.001	0.018	0.939
0.020	0.001	0.001	0.978
0.001	0.518	0.004	0.477
0.001	0.840	0.019	0.140
0.230	0.224	0.401	0.144
0.127	0.355	0.337	0.182
0.297	0.029	0.101	0.573
0.089	0.127	0.070	0.714
0.079	0.268	0.156	0.497
>VMGGAARYNN	3-VMGGAARYNN	6.299857	-4452.544478	0	T:15543.0(38.14%),B:7276.1(18.22%),P:1e-1933	Tpos:100.0,Tstd:52.9,Bpos:99.0,Bstd:59.8,StrandBias:0.0,Multiplicity:1.21
0.273	0.294	0.365	0.068
0.313	0.461	0.192	0.034
0.193	0.001	0.805	0.001
0.022	0.001	0.935	0.042
0.994	0.001	0.001	0.004
0.868	0.023	0.001	0.108
0.334	0.241	0.418	0.007
0.107	0.379	0.001	0.513
0.328	0.189	0.290	0.193
0.261	0.236	0.219	0.284
>NTATGCAAAT	4-NTATGCAAAT	8.004357	-3496.702697	0	T:4255.0(10.44%),B:859.7(2.15%),P:1e-1518	Tpos:100.1,Tstd:50.5,Bpos:98.9,Bstd:58.0,StrandBias:0.1,Multiplicity:1.11
0.197	0.198	0.263	0.342
0.145	0.252	0.070	0.533
0.954	0.012	0.013	0.021
0.055	0.008	0.026	0.911
0.001	0.004	0.820	0.175
0.010	0.902	0.014	0.074
0.976	0.001	0.001	0.022
0.994	0.001	0.004	0.001
0.963	0.008	0.023	0.006
0.111	0.051	0.088	0.750
>ACMGGAAGYG	5-ACMGGAAGYG	7.540332	-2552.246424	0	T:6335.0(15.55%),B:2284.1(5.72%),P:1e-1108	Tpos:100.2,Tstd:54.9,Bpos:100.4,Bstd:56.1,StrandBias:-0.1,Multiplicity:1.03
0.768	0.001	0.230	0.001
0.011	0.717	0.220	0.052
0.454	0.544	0.001	0.001
0.001	0.001	0.997	0.001
0.118	0.001	0.880	0.001
0.943	0.046	0.001	0.010
0.622	0.001	0.042	0.335
0.175	0.071	0.753	0.001
0.113	0.313	0.200	0.374
0.143	0.092	0.534	0.231
>ATGCAAATTA	6-ATGCAAATTA	6.519034	-2158.313968	0	T:8451.0(20.74%),B:3919.8(9.81%),P:1e-937	Tpos:100.3,Tstd:53.8,Bpos:98.8,Bstd:58.5,StrandBias:0.0,Multiplicity:1.11
0.792	0.025	0.064	0.119
0.034	0.093	0.180	0.693
0.027	0.021	0.710	0.242
0.042	0.580	0.251	0.127
0.857	0.007	0.001	0.135
0.940	0.016	0.034	0.010
0.943	0.019	0.031	0.007
0.154	0.131	0.150	0.565
0.139	0.234	0.217	0.410
0.508	0.130	0.162	0.200
>CCCCTAGTGG	7-CCCCTAGTGG	8.086893	-1918.808029	0	T:3512.0(8.62%),B:1006.7(2.52%),P:1e-833	Tpos:100.2,Tstd:53.2,Bpos:98.9,Bstd:55.7,StrandBias:0.1,Multiplicity:1.04
0.015	0.934	0.045	0.006
0.349	0.596	0.038	0.017
0.007	0.620	0.022	0.351
0.010	0.972	0.017	0.001
0.025	0.054	0.011	0.910
0.582	0.037	0.277	0.104
0.023	0.192	0.704	0.081
0.073	0.064	0.031	0.832
0.012	0.017	0.956	0.015
0.027	0.017	0.897	0.059
>DGGGCGGRGC	8-DGGGCGGRGC	7.155212	-1783.206581	0	T:8163.0(20.03%),B:4031.5(10.09%),P:1e-774	Tpos:100.0,Tstd:55.1,Bpos:89.8,Bstd:58.4,StrandBias:-0.0,Multiplicity:1.56
0.344	0.030	0.315	0.311
0.225	0.035	0.709	0.031
0.060	0.007	0.920	0.013
0.026	0.001	0.952	0.021
0.110	0.738	0.031	0.121
0.001	0.001	0.973	0.025
0.028	0.019	0.610	0.343
0.464	0.016	0.411	0.109
0.302	0.120	0.472	0.106
0.061	0.625	0.043	0.271
>SYGCCMYCTR	9-SYGCCMYCTR	7.872419	-1486.479606	0	T:4181.0(10.26%),B:1592.4(3.99%),P:1e-645	Tpos:101.5,Tstd:56.4,Bpos:99.6,Bstd:58.9,StrandBias:-0.0,Multiplicity:1.03
0.001	0.456	0.542	0.001
0.001	0.568	0.001	0.430
0.001	0.001	0.997	0.001
0.031	0.967	0.001	0.001
0.001	0.997	0.001	0.001
0.537	0.419	0.001	0.043
0.001	0.489	0.001	0.509
0.001	0.997	0.001	0.001
0.001	0.001	0.001	0.997
0.462	0.001	0.358	0.180
>CTSATTGGCY	10-CTSATTGGCY	7.255958	-1006.767352	0	T:4341.0(10.65%),B:2037.6(5.10%),P:1e-437	Tpos:99.8,Tstd:52.3,Bpos:93.9,Bstd:60.1,StrandBias:0.1,Multiplicity:1.16
0.147	0.447	0.246	0.160
0.025	0.299	0.081	0.595
0.201	0.301	0.406	0.093
0.903	0.001	0.095	0.001
0.008	0.001	0.006	0.985
0.022	0.008	0.001	0.969
0.001	0.006	0.703	0.290
0.001	0.001	0.997	0.001
0.039	0.485	0.198	0.278
0.143	0.342	0.131	0.384
>AGAAGTGAGA	11-AGAAGTGAGA	11.334572	-853.891307	0	T:745.0(1.83%),B:99.7(0.25%),P:1e-370	Tpos:96.0,Tstd:53.3,Bpos:87.8,Bstd:61.3,StrandBias:-0.3,Multiplicity:1.00
0.888	0.001	0.110	0.001
0.001	0.001	0.997	0.001
0.997	0.001	0.001	0.001
0.997	0.001	0.001	0.001
0.001	0.001	0.997	0.001
0.001	0.001	0.001	0.997
0.001	0.001	0.997	0.001
0.997	0.001	0.001	0.001
0.255	0.001	0.743	0.001
0.997	0.001	0.001	0.001
>GGGATTTCCC	12-GGGATTTCCC	9.307613	-675.734019	0	T:1031.0(2.53%),B:250.1(0.63%),P:1e-293	Tpos:102.6,Tstd:51.2,Bpos:106.7,Bstd:57.7,StrandBias:0.0,Multiplicity:1.02
0.005	0.035	0.925	0.035
0.028	0.019	0.909	0.044
0.179	0.020	0.737	0.064
0.591	0.102	0.204	0.103
0.076	0.231	0.075	0.618
0.011	0.027	0.042	0.920
0.040	0.169	0.051	0.740
0.036	0.712	0.021	0.231
0.021	0.936	0.038	0.005
0.029	0.914	0.035	0.022
>NHAACCACNN	13-NHAACCACNN	5.219893	-504.105714	0	T:4526.0(11.11%),B:2726.7(6.83%),P:1e-218	Tpos:99.4,Tstd:54.9,Bpos:102.2,Bstd:59.4,StrandBias:0.0,Multiplicity:1.06
0.211	0.316	0.280	0.192
0.342	0.197	0.141	0.320
0.448	0.275	0.269	0.007
0.536	0.212	0.251	0.001
0.001	0.552	0.098	0.349
0.001	0.800	0.001	0.198
0.594	0.004	0.397	0.005
0.002	0.677	0.318	0.003
0.306	0.232	0.220	0.242
0.223	0.264	0.270	0.243
>CGTGACGTCA	14-CGTGACGTCA	5.248730	-414.582642	0	T:5686.0(13.95%),B:3806.5(9.53%),P:1e-180	Tpos:101.9,Tstd:53.7,Bpos:97.0,Bstd:60.4,StrandBias:-0.0,Multiplicity:1.11
0.116	0.595	0.142	0.147
0.144	0.103	0.638	0.115
0.064	0.065	0.078	0.793
0.063	0.143	0.713	0.081
0.761	0.059	0.081	0.099
0.096	0.690	0.082	0.132
0.159	0.102	0.655	0.084
0.125	0.086	0.097	0.692
0.093	0.703	0.135	0.069
0.760	0.077	0.082	0.081
>CGCATGCGCR	15-CGCATGCGCR	6.904560	-277.520367	0	T:1203.0(2.95%),B:557.0(1.39%),P:1e-120	Tpos:98.7,Tstd:52.8,Bpos:89.8,Bstd:64.0,StrandBias:0.0,Multiplicity:1.13
0.168	0.617	0.113	0.102
0.198	0.086	0.628	0.088
0.213	0.544	0.146	0.097
0.620	0.187	0.055	0.138
0.112	0.060	0.251	0.577
0.147	0.107	0.659	0.087
0.217	0.640	0.020	0.123
0.055	0.101	0.699	0.145
0.110	0.525	0.096	0.269
0.406	0.156	0.261	0.177
>GGCCACACCC	16-GGCCACACCC	9.531333	-263.285683	0	T:1089.0(2.67%),B:493.8(1.24%),P:1e-114	Tpos:102.3,Tstd:51.7,Bpos:96.6,Bstd:58.0,StrandBias:0.2,Multiplicity:1.14
0.146	0.001	0.793	0.060
0.200	0.001	0.775	0.024
0.030	0.933	0.001	0.036
0.019	0.979	0.001	0.001
0.973	0.009	0.001	0.017
0.001	0.996	0.001	0.002
0.947	0.012	0.005	0.036
0.001	0.991	0.001	0.007
0.001	0.997	0.001	0.001
0.001	0.834	0.009	0.156
>ATTCACCCAA	17-ATTCACCCAA	9.872586	-191.393029	0	T:193.0(0.47%),B:31.3(0.08%),P:1e-83	Tpos:101.5,Tstd:40.2,Bpos:86.9,Bstd:53.3,StrandBias:-0.1,Multiplicity:1.01
0.997	0.001	0.001	0.001
0.001	0.001	0.001	0.997
0.001	0.001	0.001	0.997
0.001	0.997	0.001	0.001
0.997	0.001	0.001	0.001
0.001	0.997	0.001	0.001
0.001	0.997	0.001	0.001
0.001	0.979	0.019	0.001
0.997	0.001	0.001	0.001
0.997	0.001	0.001	0.001
>CTWTGAATAG	18-CTWTGAATAG	10.649098	-186.218555	0	T:212.0(0.52%),B:39.7(0.10%),P:1e-80	Tpos:95.9,Tstd:59.3,Bpos:86.4,Bstd:51.2,StrandBias:0.2,Multiplicity:1.00
0.001	0.997	0.001	0.001
0.236	0.001	0.249	0.514
0.491	0.034	0.001	0.475
0.236	0.266	0.001	0.496
0.327	0.001	0.517	0.155
0.997	0.001	0.001	0.001
0.997	0.001	0.001	0.001
0.001	0.001	0.001	0.997
0.997	0.001	0.001	0.001
0.001	0.001	0.997	0.001
>CTAAAAGCTC	19-CTAAAAGCTC	10.953498	-183.429339	0	T:177.0(0.43%),B:27.3(0.07%),P:1e-79	Tpos:103.9,Tstd:44.9,Bpos:93.8,Bstd:61.3,StrandBias:-0.2,Multiplicity:1.01
0.001	0.997	0.001	0.001
0.001	0.001	0.056	0.942
0.997	0.001	0.001	0.001
0.997	0.001	0.001	0.001
0.997	0.001	0.001	0.001
0.997	0.001	0.001	0.001
0.001	0.001	0.997	0.001
0.001	0.997	0.001	0.001
0.001	0.001	0.001	0.997
0.001	0.997	0.001	0.001
>GGGAMTTGTA	20-GGGAMTTGTA	6.902882	-171.035858	0	T:454.0(1.11%),B:164.6(0.41%),P:1e-74	Tpos:95.3,Tstd:55.6,Bpos:88.8,Bstd:53.4,StrandBias:-0.1,Multiplicity:1.06
0.001	0.001	0.997	0.001
0.001	0.001	0.997	0.001
0.001	0.001	0.997	0.001
0.726	0.001	0.001	0.272
0.552	0.442	0.005	0.001
0.133	0.001	0.267	0.599
0.001	0.001	0.001	0.997
0.001	0.001	0.997	0.001
0.001	0.001	0.001	0.997
0.997	0.001	0.001	0.001
>GGTTTTGGTT	21-GGTTTTGGTT	11.087030	-144.802078	0	T:289.0(0.71%),B:87.6(0.22%),P:1e-62	Tpos:95.1,Tstd:50.5,Bpos:97.7,Bstd:60.9,StrandBias:0.2,Multiplicity:1.80
0.001	0.001	0.997	0.001
0.001	0.064	0.934	0.001
0.001	0.001	0.001	0.997
0.001	0.001	0.001	0.997
0.001	0.001	0.001	0.997
0.001	0.001	0.001	0.997
0.001	0.001	0.997	0.001
0.001	0.001	0.997	0.001
0.001	0.001	0.001	0.997
0.001	0.001	0.001	0.997
>TTCTCGCGAG	22-TTCTCGCGAG	8.954418	-133.365175	0	T:250.0(0.61%),B:72.5(0.18%),P:1e-57	Tpos:95.8,Tstd:51.9,Bpos:102.8,Bstd:53.9,StrandBias:-0.1,Multiplicity:1.08
0.162	0.220	0.113	0.505
0.001	0.084	0.001	0.914
0.145	0.752	0.102	0.001
0.001	0.001	0.001	0.997
0.108	0.890	0.001	0.001
0.001	0.001	0.997	0.001
0.001	0.997	0.001	0.001
0.001	0.001	0.993	0.005
0.997	0.001	0.001	0.001
0.001	0.001	0.708	0.290
>GAGGAGTAGA	23-GAGGAGTAGA	10.296193	-125.730339	0	T:183.0(0.45%),B:43.8(0.11%),P:1e-54	Tpos:99.5,Tstd:41.2,Bpos:89.4,Bstd:52.8,StrandBias:-0.3,Multiplicity:1.01
0.100	0.100	0.700	0.100
0.700	0.100	0.100	0.100
0.100	0.100	0.700	0.100
0.100	0.100	0.700	0.100
0.700	0.100	0.100	0.100
0.100	0.100	0.700	0.100
0.100	0.100	0.100	0.700
0.700	0.100	0.100	0.100
0.100	0.100	0.700	0.100
0.700	0.100	0.100	0.100
>GAGAGAGCAC	24-GAGAGAGCAC	10.566609	-100.060650	0	T:181.0(0.44%),B:51.6(0.13%),P:1e-43	Tpos:105.0,Tstd:61.1,Bpos:106.9,Bstd:62.0,StrandBias:-0.2,Multiplicity:1.01
0.044	0.087	0.682	0.187
0.666	0.040	0.158	0.136
0.165	0.058	0.743	0.034
0.836	0.028	0.001	0.135
0.074	0.065	0.701	0.160
0.547	0.334	0.001	0.118
0.389	0.001	0.609	0.001
0.001	0.836	0.001	0.162
0.874	0.001	0.124	0.001
0.073	0.769	0.157	0.001
>TGAGTGCCTC	25-TGAGTGCCTC	10.723264	-92.867391	0	T:185.0(0.45%),B:56.2(0.14%),P:1e-40	Tpos:97.6,Tstd:65.0,Bpos:110.2,Bstd:62.7,StrandBias:0.1,Multiplicity:1.00
0.001	0.001	0.111	0.887
0.001	0.001	0.997	0.001
0.997	0.001	0.001	0.001
0.001	0.001	0.997	0.001
0.001	0.001	0.001	0.997
0.050	0.001	0.948	0.001
0.001	0.997	0.001	0.001
0.001	0.997	0.001	0.001
0.001	0.001	0.001	0.997
0.001	0.997	0.001	0.001
