>CACTTCCTGTKT	1-CACTTCCTGTKT	7.033848	-181.344039	0	T:377.0(37.03%),B:6492.0(13.45%),P:1e-78
0.034	0.498	0.173	0.294
0.571	0.090	0.245	0.094
0.001	0.641	0.170	0.188
0.206	0.001	0.017	0.776
0.001	0.032	0.034	0.933
0.033	0.902	0.064	0.001
0.001	0.948	0.034	0.017
0.001	0.040	0.115	0.844
0.034	0.258	0.570	0.138
0.181	0.216	0.041	0.562
0.146	0.144	0.292	0.418
0.174	0.182	0.181	0.463
