>GGGGYGTGGCYG	22-GGGGYGTGGCYG,BestGuess:KLF6(Zf)/PDAC-KLF6-ChIP-Seq(GSE64557)/Homer(0.918)	11.042412	-19.346378	0	T:26.0(2.55%),B:303.6(0.63%),P:1e-8
0.072	0.029	0.792	0.107
0.017	0.106	0.826	0.051
0.015	0.086	0.898	0.001
0.224	0.030	0.745	0.001
0.103	0.484	0.042	0.370
0.061	0.067	0.831	0.041
0.140	0.086	0.213	0.561
0.016	0.031	0.952	0.001
0.031	0.031	0.846	0.092
0.031	0.844	0.064	0.061
0.104	0.418	0.195	0.283
0.001	0.196	0.554	0.249
