>CRGCCACRCCCC	22-GGGGYGTGGCYG	11.042412	-19.346378	0	T:26.0(2.55%),B:303.6(0.63%),P:1e-8
0.249	0.554	0.196	0.001
0.283	0.195	0.418	0.104
0.061	0.064	0.844	0.031
0.092	0.846	0.031	0.031
0.001	0.952	0.031	0.016
0.561	0.213	0.086	0.140
0.041	0.831	0.067	0.061
0.370	0.042	0.484	0.103
0.001	0.745	0.030	0.224
0.001	0.898	0.086	0.015
0.051	0.826	0.106	0.017
0.107	0.792	0.029	0.072
