>TGTGATTGGCTG	13-TGTGATTGGCTG,BestGuess:NFYC/MA1644.1/Jaspar(0.800)	9.400890	-33.756094	0	T:46.0(4.52%),B:525.8(1.09%),P:1e-14
0.044	0.089	0.019	0.848
0.001	0.145	0.783	0.071
0.076	0.069	0.027	0.828
0.076	0.055	0.868	0.001
0.702	0.136	0.093	0.069
0.025	0.102	0.159	0.714
0.024	0.001	0.001	0.974
0.072	0.051	0.826	0.051
0.051	0.017	0.886	0.046
0.017	0.891	0.067	0.025
0.062	0.025	0.051	0.862
0.060	0.074	0.824	0.042
