>CGGAAATAGCCG	14-CGGAAATAGCCG	8.705083	-29.878324	0	T:49.0(4.35%),B:548.7(1.23%),P:1e-12
0.039	0.928	0.032	0.001
0.055	0.001	0.866	0.078
0.001	0.001	0.921	0.077
0.921	0.077	0.001	0.001
0.766	0.117	0.078	0.039
0.811	0.078	0.072	0.039
0.053	0.148	0.226	0.573
0.666	0.130	0.104	0.100
0.078	0.080	0.841	0.001
0.025	0.867	0.069	0.039
0.039	0.936	0.024	0.001
0.039	0.050	0.910	0.001
