>RNTCTCGCGAGA	9-RNTCTCGCGAGA	8.248933	-46.616551	0	T:43.0(3.82%),B:267.6(0.60%),P:1e-20
0.332	0.155	0.351	0.163
0.349	0.211	0.209	0.231
0.049	0.156	0.185	0.610
0.226	0.517	0.125	0.132
0.172	0.240	0.171	0.417
0.162	0.609	0.216	0.013
0.043	0.017	0.923	0.017
0.034	0.597	0.148	0.221
0.026	0.203	0.754	0.017
0.601	0.053	0.324	0.022
0.034	0.026	0.768	0.172
0.501	0.243	0.213	0.043
