>YACTGCGCAKGC	3-YACTGCGCAKGC	8.793535	-110.264278	0	T:169.0(15.00%),B:1780.5(3.99%),P:1e-47
0.056	0.350	0.095	0.499
0.503	0.144	0.057	0.296
0.001	0.957	0.021	0.021
0.001	0.054	0.063	0.882
0.092	0.028	0.879	0.001
0.081	0.832	0.049	0.038
0.021	0.010	0.885	0.084
0.001	0.917	0.027	0.055
0.672	0.122	0.129	0.077
0.090	0.103	0.418	0.388
0.013	0.116	0.850	0.021
0.021	0.916	0.021	0.042
