>AGCCCCGCCTCT	6-AGCCCCGCCTCT	9.579951	-55.041357	0	T:148.0(13.13%),B:2306.6(5.17%),P:1e-23
0.728	0.093	0.087	0.092
0.045	0.015	0.878	0.062
0.055	0.838	0.106	0.001
0.024	0.818	0.059	0.099
0.001	0.922	0.001	0.076
0.057	0.860	0.043	0.040
0.001	0.086	0.851	0.062
0.053	0.857	0.089	0.001
0.026	0.925	0.011	0.038
0.026	0.062	0.127	0.785
0.001	0.879	0.089	0.031
0.033	0.148	0.073	0.746
