>GCGCATGCGCRN	1-GCGCATGCGCRN,BestGuess:NRF(NRF)/Promoter/Homer(0.959)	9.399873	-208.883672	0	T:255.0(22.63%),B:2236.2(5.01%),P:1e-90
0.263	0.001	0.735	0.001
0.070	0.856	0.025	0.049
0.049	0.001	0.949	0.001
0.024	0.967	0.008	0.001
0.714	0.091	0.082	0.113
0.080	0.070	0.143	0.707
0.038	0.045	0.892	0.025
0.001	0.893	0.001	0.105
0.027	0.001	0.939	0.033
0.001	0.712	0.001	0.286
0.409	0.203	0.301	0.086
0.246	0.298	0.183	0.273
