>NYGCGCATGCGC	1-GCGCATGCGCRN	9.399873	-208.883672	0	T:255.0(22.63%),B:2236.2(5.01%),P:1e-90
0.273	0.183	0.298	0.246
0.086	0.301	0.203	0.409
0.286	0.001	0.712	0.001
0.033	0.939	0.001	0.027
0.105	0.001	0.893	0.001
0.025	0.892	0.045	0.038
0.707	0.143	0.070	0.080
0.113	0.082	0.091	0.714
0.001	0.008	0.967	0.024
0.001	0.949	0.001	0.049
0.049	0.025	0.856	0.070
0.001	0.735	0.001	0.263
