>GCCCCGCCCACA	5-GCCCCGCCCACA	9.353694	-60.772063	0	T:143.0(12.69%),B:2054.2(4.60%),P:1e-26
0.053	0.064	0.758	0.125
0.081	0.756	0.105	0.058
0.030	0.881	0.057	0.032
0.014	0.834	0.108	0.044
0.044	0.811	0.080	0.065
0.064	0.053	0.781	0.102
0.019	0.935	0.045	0.001
0.063	0.897	0.039	0.001
0.069	0.891	0.001	0.039
0.849	0.045	0.076	0.030
0.097	0.810	0.077	0.016
0.838	0.030	0.032	0.100
